0.0683271065
0.1062287986
0.0824525133
-0.1967257261
0.1527886093
-0.3697742224
-0.2826311290
0.2392103523
-0.0565866716
0.6504423022
0.5034326911
0.4500192702
0.0085128965
-1.0696420670
-0.1009766459
-0.0481028706
-0.1398746073
0.1941712946
0.0409965329
-0.1055263579
0.2565447688
-0.6412488222
-0.0261049327
-0.0672020465
-0.8735717535
0.1274993867
0.6145102978
0.1526726186
0.1195670068
0.1180122420
0.6140149236
0.0436368324
0.0818759277
-0.0072775465
0.3770104051
0.0371842906
-0.2776125669
0.2170999646
0.0818138570
-0.0396779329
-0.0761871114
1.4303637743
-0.1575783640
-0.4610134661
0.2114383131
-0.1079563200
0.0917708799
0.1614034623
0.2035541087
-0.5773090720
-0.3392428756
0.6001613140
-0.2049715817
0.2490715533
0.8401098847
-0.0111855129
0.8468979001
-0.4643647373
0.4363211393
-0.0734791905
0.2664010525
0.0938048661
0.4202056527
-0.7073124647
0.0953592137
-0.0360055938
-0.1280725151
-0.0078725237
0.3343841434
-0.2250526547
0.2059982717
-0.3007429838
0.0593088679
0.1782176793
0.5476358533
-0.1315677911
0.1137986407
-0.5749638677
-1.4428097010
0.1952106208
0.1539601088
0.2329313755
0.0619871132
-0.2737734914
0.5394746661
-0.2075267434
1.0376017094
-0.0634433031
-0.5178838372
0.1884088814
0.3730200529
-0.3552990258
0.2509154081
-0.0088638347
0.2170275003
-1.4186143875
0.6619368792
0.0256674513
0.0822693631
-0.1552345306
0.6673471928
-0.0814902186
-0.8884209991
-0.1393270344
-0.0926770195
-0.6060109138
0.2050241083
-0.6385425329
-0.0402748138
-0.9756813645
-0.6545487046
0.2599812150
-0.1612789780
-0.0059697810
-0.4495378435
-0.4073706567
-0.3042817414
0.9624741673
-0.3947104514
0.0520257913
0.5916589499
-0.0962347388
0.4390382469
-0.4891366363
0.2967460155
-0.1191301569
0.6074649096
0.2265650034
0.2304913402
0.3423412144
0.4961192608
-0.0011912668
0.1424307674
-0.3323292434
-0.0136728352
-0.1601648480
-0.1609199643
-0.1624473333
0.5793467164
-0.3356301188
-0.0535451695
-0.0000210144
-0.1110260859
-0.0955224335
0.4926378727
0.0217456836
-0.2859825194
-0.1378243864
-0.1526309997
-0.1296391934
-0.2102336138
-0.0635151863
-0.0313017741
-0.0058561391
0.1736212373
-0.0727335364
0.1779554486
-0.1003357098
0.5401066542
-0.1991854459
0.0391008183
0.0756450668
-0.4576354325
-0.1312329173
0.9419153929
-0.0732333288
-0.3196837902
0.1214947253
1.1601666212
-1.1711009741
0.0339355581
-0.2737419307
0.1392037570
-0.3326009214
-0.1857541651
0.6220058799
0.2457681447
-0.3950752914
-0.0930159688
-0.2854409814
-0.1474374384
0.4232048988
1.4947137833
-0.0445687734
0.3644824326
-0.4462886751
0.5065653920
-0.1369607896
0.2752841115
-0.3542427421
0.2613976002
0.4274707437
0.3870492876
0.1335811913
0.0055424524
0.0972252116
0.2074937075
0.2050695270
0.0942097306
0.1637404710
0.0397812128
0.0046030856
0.3397547305
0.5621885657
-0.1137621775
0.2482206523
-1.0624334812
0.3372175694
-0.1920280755
-1.1042236090
0.2289151102
-0.1332691908
0.2944868207
-1.2891125679
-0.3566567600
-0.0132325068
-0.1102052853
-0.3560845256
0.5885865092
0.5103002191
-0.0114284987
0.2100985646
0.6929113269
0.0071462984
0.0970041379
0.0825918987
0.1876741350
0.0199672952
0.4678574800
-0.1192238405
-0.5037085414
-0.0627471358
0.8549015522
0.6883921027
-0.0211420376
-0.5477144718
0.1358913183
0.5541931391
-0.1766006947
-0.9525494576
0.0954840630
0.0532489531
-0.2321522534
0.4037477970
-0.3223901391
0.7796410918
-0.3992602229
-0.0881606489
0.0312259439
0.0539555736
0.6254006624
-0.0353505313
0.2839156985
-0.1270994991
0.4961676300
-0.4291734695
0.0244726129
-0.0361237526
-0.4687061012
0.2086215913
0.3520555496
0.3456274569
0.7021371722
-0.0945991799
1.4493322372
0.3594844043
0.4444288909
0.1445714831
0.3269575834
0.0916126296
-0.2490173578
-0.2066420019
0.3390955031
-0.0512701273
0.0669676289
0.0056463294
0.3375707865
-0.7022461295
-0.1114356294
-0.1116975844
0.0604675859
-0.1379667968
0.3945225477
-0.1528843641
0.2426514924
0.4290727377
0.3453402817
0.2208362371
0.1069906503
0.4429015815
0.3964537680
-0.7769023180
0.2062234581
-0.8319104910
-0.6309776306
0.6253882647
-0.2717633247
0.4759423137
0.2967096865
-0.0566792265
0.0119277090
0.0473838113
0.4055156708
-0.3004481494
0.6872593164
-0.1688184589
0.2070221007
-0.4436854124
-0.2697875500
0.6577047706
-0.0827946141
-0.0259110946
0.0811141059
-0.0474642105
0.2273545116
-0.1011629701
0.1211951077
0.0106901890
0.2472973913
0.0962981731
0.1820226908
0.2576250732
-0.4628995955
0.7878385782
-2.1060564518
0.6852224469
-0.1542080194
-1.0897949934
-0.6790133119
1.0543581247
0.2446075231
-0.2365185022
0.2307912558
0.7056599855
0.2427236438
0.0697567761
0.3308630288
-0.3644573689
-0.7086441517
0.9607737064
-0.8228090405
-1.2297528982
0.0493909009
-0.0886842981
-0.3481700718
0.8663352132
0.2809151411
0.5913715363
0.3027474880
0.2973196208
0.5092391372
0.0592674203
0.2253131568
0.2503992915
0.5732023716
-0.3906926513
0.4035186172
-0.2251040637
-0.0757965893
0.3753644228
-1.2643944025
0.4231213331
0.3003901541
-0.1721909046
0.1383271813
0.2068796456
0.4017140865
0.0931194499
0.4526681304
0.8500602841
0.1164788976
-0.0688358918
0.4581860304
0.5193070769
0.1787440330
0.4282174110
-0.0828619525
-0.3853383660
-0.1210386157
-0.0290248301
0.3695639670
-1.0928863287
0.3521210551
-0.1022483781
0.1955666393
-0.0667755231
0.3754710555
0.8280309439
0.5865586400
0.0081660450
0.6967008114
-0.2700278461
0.0975017250
-0.0857776925
0.3925191462
0.0460204519
0.1674840450
-1.0164353848
0.6687109470
-1.0213130713
1.0142164230
-0.1631376147
-0.0642649308
0.2192617506
0.3663288951
-0.6506978273
-0.0105233714
0.2306413800
-0.7308970690
-1.1108251810
0.3081007898
-0.0562939420
0.0632292777
-0.3622473478
0.0054998868
0.0671308562
-0.1064903438
-0.0923018754
0.0125586987
-0.2211887538
0.1176043451
-0.0020662844
0.1493108869
0.1945150197
-0.1516650617
-0.2130663395
0.0350030363
-0.1631344557
0.0774329901
-0.0460599661
0.0534744859
-0.1793085784
-0.1405006200
0.2149344087
-0.0295915455
0.1556449234
0.0627587736
0.0192450881
0.1189519167
-0.2304442972
-0.1033746004
0.0417686999
-0.1119423360
0.1714285314
0.0254801810
-0.0582727194
0.1943893135
0.1261700392
0.4600234330
-0.0375044793
0.3440241516
0.6345053315
0.8352336287
-0.4608523846
0.3608410358
-0.2382695675
-0.7542119622
-0.4184598029
0.2916606069
-0.0682334751
-0.1976173520
-0.8711060882
0.3589633107
-1.0342359543
0.5709962249
-0.6469103098
0.3278430402
-0.2303629071
0.0135845058
-0.4128086269
0.0267161075
0.6361922622
-0.4236684144
-0.7384124994
0.4751589000
-0.1189791635
0.0821326077
1.5249623060
0.3562507033
0.0431111343
0.4436897635
0.1964515895
0.4252483845
-1.2472747564
0.0440794341
0.1406478137
-0.0396963730
-0.0265507326
0.2095471770
-0.2548711598
0.4031181633
-0.1858406663
-0.0059985174
0.0837579742
-0.0238749683
-0.2309999019
0.6252442598
0.3986614347
-0.1802338213
-0.7263156772
-0.2495734841
-0.0097135128
-0.0527027287
0.0192210581
0.5638928413
0.5729667544
0.1493435204
0.0139348758
0.1981671005
0.7825585008
0.0613519475
0.1185318455
-0.2715335488
0.2706846893
-0.0354234651
1.0946276188
-1.4049652815
-1.7501869202
-1.1665679216
-0.0435788743
-0.3073056638
-0.0103132389
0.4462437928
-0.2439894825
0.2788580358
0.4062319100
-0.3163929284
0.1267790496
0.5007761717
0.0926598161
-0.0201149043
1.6600998640
-0.3761184514
0.2029232383
0.0958772153
-0.2199016958
-1.1310316324
-0.4226862192
0.3941783905
0.5135346055
0.4447937608
-1.0204589367
0.3132362664
-0.2746357918
0.0940605104
0.2086770982
0.2041651160
-0.7281265855
0.1320127249
0.9471911788
0.1294973642
-0.2133080959
-0.1966458857
0.0092119323
0.3603083193
-0.0849873573
0.0472071916
0.0324678868
0.2920679748
-0.2393922061
0.3152049184
0.3829128444
-0.3337488472
-0.5378928185
-0.4265970290
-0.2530311942
0.1091208011
0.1602438539
0.2167116702
0.3374496400
0.0287030097
-0.1420962363
0.3792361319
-1.8408209085
0.2345806360
-0.2059995234
0.2041909844
0.0822662860
0.4283089340
0.1683146507
0.1950158328
-0.2809688449
-0.6211165786
-0.3332147896
-1.7601693869
-0.6228157282
0.3497304618
-0.0557924025
0.0129188271
-0.9156833887
0.0096796146
0.3932764232
0.4411182404
-0.8289175630
-0.2203254700
0.3448132277
-0.8654984832
-0.2410518527
-0.0967674553
0.1810961664
-0.0832030997
0.0662178025
0.2821491361
-0.1380639672
0.2388813347
0.6368364096
0.1126923040
-0.0972955152
0.0337720476
0.1656438708
-0.3578327000
-0.2160739750
-1.4295184612
-0.1494189203
0.5640675426
0.4865388870
-1.3715713024
-0.2041719705
0.7009824514
-0.3040621281
0.3704133332
-0.1226960570
-1.4784511328
-0.2581039965
0.1245292202
0.6176804304
0.1380899400
-0.4602639675
0.0066030836
0.0137709212
-1.0615103245
-0.2970336378
0.7875727415
-0.0984378532
0.0782203898
-0.2685492635
0.3600356281
-1.0379357338
0.0904065669
1.4325772524
0.2143081576
0.2024718970
0.1365726292
-0.2842500806
0.1303490400
0.1738326401
-0.3602603078
-0.0445214622
-0.0608477853
-0.5212772489
0.2642947435
-0.2277314812
-0.0454503745
0.0522407256
-0.1905175000
0.1237523258
0.1848952025
0.0177958515
-0.2497204989
0.3637862504
0.1712632030
-0.0875526369
-2.7075207233
-0.1721271724
0.1865252107
-0.1397437900
0.2815356851
-0.0614780411
0.3543302417
-0.0016403911
0.3808149099
1.5632131100
0.2714701295
0.1552713066
1.0927165747
-0.0254610348
-1.1521846056
0.5559719205
0.5451791883
-0.1423786134
-0.9168871641
0.0430129878
0.4021144509
-0.5924888253
0.0720525160
-0.2003784627
0.2282416523
1.0019373894
0.2217597961
1.2881460190
0.4577159584
-0.5038884282
1.0823975801
-0.2859060168
-0.0359152481
0.1995742768
0.3489677608
-0.9957836866
0.2658324540
-0.0526510775
0.1417876482
-0.3596434891
0.4242355824
-0.0913961530
-0.1798411608
-0.1751846373
-0.1136477739
-0.1602912992
0.0936298966
-0.1427703053
-0.1671007276
0.0599594414
-0.0356327146
0.1791286767
-0.2076966316
0.2287223637
0.0750243366
-0.2088674456
0.0505717397
0.1253466606
0.0760166943
-0.0152025819
-0.0117348135
0.0753722787
0.1082676351
0.0470490158
-0.1855709255
0.0382408798
-0.1326871812
0.1773501933
-0.2188366205
0.1440435052
-0.1912257224
-0.1563778222
-0.1055738628
-0.0822369605
0.1741448492
0.2644408047
0.8328154087
0.4071554840
-0.1961766332
0.3531515598
0.1224761680
-0.0283348281
0.1344837099
-0.3580181003
0.4409605563
-0.5854138732
0.1179731935
0.6017439961
0.9472929835
-0.1014275923
0.3250361383
0.0237269048
0.5061103106
-0.3696547747
-0.4587996006
-0.2001315653
-1.0872094631
0.1626713276
-0.1024872884
-0.2443875819
0.1892772913
0.0940258503
0.3358982503
0.4067271650
0.4493458271
0.7302269340
0.2114688009
0.0537414886
0.2528324723
0.2801186740
0.0898290575
-1.2044341564
-0.2802270353
0.1902744025
-0.0033333120
0.2545589805
0.2321054786
0.1466360241
-0.2583521008
-0.7667724490
0.3125352859
0.2685598731
0.4431227148
-0.7128506899
-0.2723427713
0.6315910220
-0.5724135637
-0.1308205277
0.0360145979
0.3766816258
-0.1120905802
0.3268059790
0.3515268862
-0.1791199893
0.3227517009
0.4966128170
0.2639456391
0.1539712995
0.5678681135
0.5017234683
-0.3891329169
0.3090052903
-1.0306878090
1.1144407988
-0.6082192063
-0.4194142818
0.2036714107
0.0034665635
0.8096594810
-0.6245282292
0.1412114650
-0.4918372035
-0.0483434573
-0.2403825819
-0.3258448243
-0.2398924381
0.5808668733
-1.0001298189
-1.0792195797
0.4417376220
-0.2541384995
0.2137935162
-0.0163931921
-0.2017692327
0.0639691651
0.2630527914
0.7620016336
-1.4613924026
0.3241885602
-0.2330821455
0.1704341769
0.0048640156
0.3998870850
-0.8911917210
0.1476761699
-0.8343678117
0.1796508431
0.0490469784
0.1448122859
-0.3146478832
0.3176346421
0.3433280587
-0.0877850577
-0.1643689275
0.3378615975
0.2547306120
0.2001063675
0.3011524677
-0.7455229759
0.8356825113
0.6588395834
-0.3199521005
0.0856320262
0.4075482190
0.5441086888
0.1467741877
0.2707971334
0.0588339902
0.1052277833
-0.0632323921
0.4544906914
0.1423170865
-0.1507891417
-0.0646967664
0.5279683471
0.6312869191
0.1237212792
0.1816876978
-0.1579687446
0.2863291204
0.1725748777
0.3322120011
0.2299903333
-0.5293675065
-0.1597702205
-0.1455530524
0.7233325839
-0.3452465534
0.3092821240
-0.1367331147
-0.0342427157
-0.3245942891
-0.7206811905
-0.2556350827
-2.6359434128
0.4538246095
0.2716247439
-0.4319436550
0.0531648844
-0.2625008225
0.3149772584
0.0596308783
0.4624257982
-2.3329563141
0.1961306185
0.2903373837
-0.3446414769
-0.9199383855
-0.2216044068
-0.9878546596
0.1761557311
-0.9429742694
0.0691362023
0.6295244098
0.4063553512
-0.0060349121
0.0814631209
0.2100863159
-0.2942029834
0.4380908012
0.4227862954
0.3976823092
0.3138008714
0.4209710658
0.4588413537
-0.0405083708
-1.4536567926
0.1165921986
-1.0943224430
0.5225431323
0.1590019912
0.1362003386
0.4180908203
-0.4069188535
0.4546066523
-2.2034752369
0.0166540146
0.0179106742
0.4441251159
0.6057347655
0.1061501801
0.3835584223
-1.0088728666
0.2780340314
0.0932636261
0.2186889499
0.3107431829
-0.2332902551
0.0475883968
0.4186856151
-0.1677197814
0.2788392007
0.6115333438
-0.3133288920
-0.8074151278
0.0891437605
-0.1255292296
-0.0894386172
-0.5264303684
0.0695126280
0.4179637432
-0.2837378681
0.3116980791
-0.2924443185
0.2167811245
-0.0011694161
0.1714785397
-0.3439679146
0.0315230787
0.1403661817
0.6173162460
-1.0406012535
0.2438316494
0.6987783909
-0.2623157203
-0.3929404318
0.0729296729
-0.4912297130
0.3139397800
-0.0115274200
-0.2736291289
0.4053083062
0.9118666649
0.7127219439
0.3341570795
-0.4623273313
-0.4217349589
0.3222740889
1.1236524582
0.1169128567
-0.9837661982
0.4637169242
-0.8819739223
-0.2973541319
0.0289624538
-0.1165190414
0.0203167517
0.0460952036
0.5176810026
0.1984121799
-0.0775799900
0.1101380587
0.1474356651
-0.0804781616
-0.1983790547
-0.2104723454
-0.1198193431
-0.2039107382
0.2181171477
0.2113716602
0.0819128156
0.1156161427
-0.1826998591
0.1131344438
-0.2291945070
0.1425553262
0.0798383057
-0.1700320095
-0.0711748749
-0.0611054450
-0.0321775824
0.0066890866
-0.0434993058
-0.1922623366
0.1816025972
0.2305317521
0.0459658206
0.0745620131
-0.2145334333
0.0468325317
0.2080642581
-0.0158361346
0.4490960538
0.1657258123
0.5127206445
-0.9477059841
0.3629545271
0.0177848153
0.7994627357
-0.0055060419
0.2886168659
-0.7346501946
0.4599511325
0.2314962000
0.0249116533
0.8817809820
-0.4200007319
0.5998685956
0.7974472642
0.4799321592
0.7352779508
-0.0182178877
-0.5718807578
-0.2120901346
-0.0467601530
0.4123105109
-1.6962101460
-0.4876829088
0.3328473270
0.0305029955
0.1337972730
0.1645167023
-0.0313057527
-0.0875456184
0.2118489295
0.1904010773
0.3063741624
1.0079736710
0.0361091532
-0.8962367773
0.1356222034
-0.3658528328
-0.0952469260
-0.0287380647
0.4441392124
-0.2067121565
0.0566895194
0.1859312057
0.2414006591
-0.4589641094
0.2679747045
0.2657787204
0.4239444733
-0.7919024825
-1.2281863689
0.0680531561
0.0530805290
0.2715945542
-0.1916619241
0.5055588484
0.2841031551
-0.0479507819
0.3749133050
-0.4739077389
0.3557997346
0.0160732772
-0.0862593129
0.1170016453
0.1241122708
-1.8899583817
-0.1682214290
0.3225775659
-0.3235658705
0.1086407825
-0.2168513536
-0.0490673147
0.3914837837
0.1370268762
0.1692793369
-0.1648349166
-0.7692071795
-0.7154655457
0.4631489217
0.4667735100
0.2307042927
1.6426897049
-1.1296346188
-0.6151083112
-0.4739696980
-0.0116765993
0.2782688141
-0.6659131050
-0.1109516695
0.2277384251
0.2614500523
0.2508774400
0.2714669108
-0.1070511341
0.3694152236
0.1897104979
0.4364376664
0.7638870478
0.1999174654
-0.5319324136
-0.3287436068
-0.0367986709
0.1599981189
0.1383302063
0.4422886670
-0.2219485790
-0.0302353110
0.1277234703
0.0877683461
-0.4548229277
0.5483517647
-0.2229494154
-1.4384528399
-0.5002562404
0.7910572886
0.2166024595
-0.0377594493
0.1725645214
-0.0074347891
0.5061230659
0.3426547647
0.1484006643
0.3215127587
-0.1563550830
0.0214953404
-0.2207285017
-0.1583411992
-0.0485886782
0.3472869396
-0.5172244906
0.0083939927
-0.4424562454
0.7395031452
-0.7421848774
0.0794299543
-1.8647453785
0.2457032651
-0.7880684137
0.2721669078
-0.0336116590
-0.0196025893
0.1084953099
0.1501529962
0.2247479856
0.2941240072
0.3635414243
-0.7665866613
0.2503889203
0.0563879088
0.2005182356
0.1809505373
0.1798426509
-0.0107818032
-0.0621122867
0.4709988534
0.1257123798
0.3179273009
0.1570444554
-0.2126940489
0.4407313466
0.3499641716
-0.5350579023
-1.2692525387
-0.2383874506
-2.0544445515
0.8633710742
0.2922305167
-0.8725560904
1.0378602743
0.3157597780
-0.3708542585
-0.7800920606
-0.4555765986
-0.1566793323
-0.2010270357
-0.7790395021
-0.2811368108
-0.7556554675
0.1199219972
-0.2872326672
-0.2379267663
0.2761610150
0.4478594959
0.1550563574
-0.3403192461
-0.0598445162
0.1800033450
0.0492233522
0.2860366404
0.1098774299
0.1960925311
0.0999269262
0.4130727351
0.3761177957
-0.0944427028
0.1141084060
0.1472342312
-0.7557249069
0.0473879650
-0.8381676674
0.1670796126
-0.6374179721
0.2717136741
-0.8096786737
0.0867880508
0.0831904262
0.4760400057
0.3240023851
-0.6639341712
0.4650408030
-0.1671828777
0.0568416081
0.1743575782
0.3045124710
-0.1607715487
-0.0801958367
0.2695398033
-0.5401461124
0.4830385447
-0.4101451933
0.2555184960
0.1692094207
0.3175816238
0.3101138473
0.9249919653
0.2867116630
-0.0175150409
0.1816139221
-0.3007220924
0.5640878081
0.3467154801
-0.3027714789
0.7102864385
0.3860158026
-0.0098850299
0.6369447112
0.1644914895
-0.4964978099
0.6124032140
0.1772982031
-1.4276880026
-0.1503059268
0.3588564098
-0.5297331810
-0.1123135984
0.1562428623
-0.2401557267
-0.5302886963
0.2483992428
-0.0905766189
0.1179389507
0.0535414666
-0.0281190965
-0.2693354487
0.0184677094
0.1239035726
-0.2094501257
-0.0461159796
-0.1511125118
0.2094444335
-0.1086599305
-0.0785941482
-0.0731088817
-0.1570332348
0.1910457015
-0.1259835809
0.1363576353
0.0263551474
-0.1236950234
-0.0786522031
-0.0836780667
-0.2191689909
0.1795760989
0.0166728199
0.1690398157
-0.0971573740
0.1699178815
0.0110910535
-0.1641762555
0.0849753022
0.1514520645
-0.0740441829
0.0963893533
-0.1334673613
0.1792018414
-0.1158714294
0.2632380426
0.2726509869
0.7603349090
-0.4941216707
-1.0761581659
-0.5854641795
0.4950301945
0.5469926000
0.2670391798
0.4661180675
0.5853936076
0.5602658391
-0.1893908381
-0.9359021783
0.3907340765
0.0301519502
0.8207355142
-1.4331518412
0.1984094530
-0.6279378533
-0.1997562349
-0.1531992257
-0.1628822684
-0.0713206753
0.6037690639
-0.5531255603
-0.1882915497
-0.1889686882
-0.1242553294
0.6879777908
-0.0602214076
0.3903531432
0.4155997038
0.0659228191
0.3634360731
-0.6057444811
0.2850869894
0.0893291384
-0.3632040024
-0.1044134945
0.0381084271
-0.2408131361
0.1656016111
-0.2894012034
0.0929153934
-0.0368813016
0.3690419793
0.3394476473
0.3628679216
0.3592947125
1.4677510262
0.3607464433
-0.6073102951
-0.4506141543
0.0773909688
0.4246931970
0.4785551131
-0.0202647634
0.1177175641
0.1194099411
0.4206059873
-0.0231515523
0.2619444132
0.2149810791
0.3932785690
0.4481940866
0.1337902546
-0.5114164352
-1.1276080608
-0.5092054009
0.4044067860
-0.0237214472
0.2628907263
0.1939136833
0.7693471313
-0.3637147248
-0.1209356785
-1.0766057968
0.1374894381
0.2020587027
-0.3690410256
0.1080125496
-2.7809247971
-0.8619388938
-0.0188982803
1.0812852383
0.0136650028
-0.0503459759
0.3997957408
0.3516925573
0.2396445572
0.4880838096
0.2740530074
0.7495139837
0.4089470506
0.1604179591
0.3374101520
0.0800259337
0.2987152338
0.3122432232
-0.0442147925
0.1411513984
-0.8132885098
-0.3240316808
0.1418385506
0.1087056175
0.4413341582
-0.3643498421
-0.0018536397
-1.1856315136
0.2482025474
-0.0055118129
0.2818097174
0.0224718004
0.1468143761
0.5643110275
0.4352771342
-0.6419643760
0.1573045105
0.1311188191
-0.0078008925
-0.0444426611
0.1254439652
-0.3629130125
0.2368159592
-0.7127069235
0.3077141941
0.1615393311
-0.0617746301
0.1787503064
-0.1148494482
-0.0113158068
0.0361167155
-0.5471968055
0.7000875473
-0.0412493236
-0.2149764895
-0.0091754971
0.4965717196
0.2852944732
-0.2336562425
0.4730260968
-0.7867519855
0.2516871691
0.0402243510
-0.9889252186
-0.1055274680
-0.1186167076
-0.0677599087
0.5463522077
-0.1251733154
-0.0294459090
-0.0331918187
-1.2617386580
0.5464177728
-0.1359202415
0.1621525586
-0.1748742610
0.7000098825
-0.0179577116
0.2209991068
0.0015294295
0.4284305871
-0.2638968825
0.6792320013
-0.0297545101
-0.4430636466
-0.1947137415
0.0447009243
-0.1620483994
0.0770412236
0.0883189589
0.2107387781
0.5013684034
-0.0774829388
-0.8569837213
0.2379872352
-0.3158245981
-0.0612170510
0.6230733395
-0.0732405633
-0.6986962557
0.0500223227
-0.0843506232
0.3078206182
0.8984975815
0.4711064398
-0.9404643178
0.3922890723
0.0478149503
0.2449686229
-0.2702771425
-0.2302646935
0.1576473415
-0.0660199225
0.5208260417
0.3065315187
-0.3633992374
-0.3428340554
-0.3370474577
-0.2043925077
0.1075571999
0.3539246321
-0.5501441360
0.0038197113
0.0497841090
-0.7002096772
-0.3336485624
0.4266162217
0.3011352420
0.4236688614
-0.3337019384
0.4336101711
0.1340436190
-0.0522330888
-0.1899346411
-0.4100139439
-1.6770651340
0.3687065244
-0.1859121621
0.2993364334
0.4865909517
0.2789107263
-0.4032869637
-0.8796101213
0.0668170303
-0.0840810761
-0.0861967057
1.0191909075
-0.1228986606
-0.7714892626
-0.2256038040
-0.2506144941
0.0271554869
0.1389691979
-0.5809500813
0.1761447489
-0.4795851409
-0.3425756097
0.3994901478
0.1425716281
0.1244643256
-0.2904732823
-0.8582501411
0.6412984133
-0.3746394515
-0.0519269034
0.1371097565
0.1111162081
0.9012299180
0.3516659439
-0.1387431473
0.2902030051
0.2328117788
0.8424446583
0.0294844639
-0.0760993585
0.2711764276
0.5233334899
-0.2625635564
0.0031959375
-0.1145164818
-0.3305517435
-0.0325096957
0.0680603310
-0.0870101377
0.6735484004
-0.3372498751
0.1613311023
-0.2029931843
0.0757985339
-0.1990977973
0.4553131461
-0.1982251704
-0.0705149919
0.0875855833
-0.3155442774
-0.1734556109
-0.0303455479
0.1219095141
0.0237900503
-0.0119043980
0.4752847850
-0.1800453812
0.4208990037
-0.3043928146
0.5462234020
-0.1038402393
-0.3655491471
0.0407879837
0.1024749875
0.0793151185
0.7997474670
-0.1487618089
0.2293238789
-0.1601106077
0.0015190643
-0.0691908151
0.1243710816
0.2558929324
0.2145909667
-0.5580194592
-0.2810283601
0.4584925175
0.1878436804
-0.0503237620
-0.2577235103
-0.5547100306
-0.8509761095
-0.0993279591
-0.2290510237
0.1689843535
0.3850715458
0.8913761973
0.4469193518
-0.3803545833
0.4855259955
-1.3235267401
0.6143340468
-0.0086456528
-0.2130149007
0.0757481158
-0.1562487185
-0.4844204783
0.2019876093
0.4499862790
0.6402873397
0.2241752297
-0.1312035620
0.3194901645
0.5164086223
0.0372050554
0.0304881763
-0.4845532179
-0.3665876687
-0.1645861566
-0.0526472181
-0.1521551907
-0.8301070333
0.0597867481
-0.7757591605
0.2112898231
-0.3544285893
-0.0177464131
-0.4124625921
-0.6905940771
0.5874140263
-0.7911139727
0.1931329072
0.3354469240
0.5587407947
-0.0894227549
0.2390054464
-0.0941542536
0.6392540932
-0.0934390575
-0.0705296844
-1.0781152248
-0.0022755729
-0.2800622284
-0.0714246109
0.3965143561
0.1163871884
0.0443050154
0.1450121552
-0.0937452689
-0.6684175134
-0.1574805379
0.1969452649
-0.1835208684
0.7355945110
0.5307430625
0.6592261791
-0.7121415734
-0.1908912957
-0.0025753540
0.6837930083
0.3834133744
0.3203609884
-0.5678265691
0.2285896838
-0.0433749035
0.2686761916
-0.1098744571
0.0426239930
-0.0353362076
0.1349934042
-0.5143178105
0.2733285725
0.8725076318
-0.4980084598
-0.0980469733
0.0931857079
0.3009854555
0.4683688879
-0.5522210598
0.2742766142
-0.7609899044
-1.1247589588
0.3259697556
0.1582446843
-0.4427114427
0.0563321635
-0.1317235380
0.0640229136
0.3119997978
-0.2923976481
0.0127886394
-0.4216220081
-0.7571760416
0.3804282248
-0.4703773260
0.2681351304
0.3523771167
0.2197158486
-0.1850814372
-0.4281735718
0.2149043083
0.1193118617
0.2463837713
0.2274965346
0.3518072665
-0.2251165211
0.3014324605
0.0084986836
-0.1275909841
0.4177474380
0.3980679512
-0.2073221654
-0.0633909926
0.0629297122
0.3250780702
-0.0024965068
0.0881404057
-0.3998409808
-0.2988858819
-0.1243027225
0.0355446525
-1.0547274351
0.1460089535
0.4894211590
-0.2738549709
0.1471038759
0.2996411920
0.0860878155
-0.0908306986
-0.2013784349
0.4494061470
0.4155635536
0.1126028746
-0.5987449884
-0.0894228444
0.4644962549
-0.1726464182
-0.2891079783
0.0116243074
0.1655506045
-0.1030472144
0.0457297601
-0.0208812207
0.0547172315
0.1862519383
0.1042638496
0.4868182540
0.1761910915
-0.1423617452
-0.0928756893
-0.3196857870
-0.0787693262
-0.1429471672
0.0857820660
-0.0196576472
0.6252507567
-0.2427920699
0.2671149969
-0.0571442321
0.1524528265
-0.1453343779
0.1872745901
0.0672328845
1.1411403418
-0.0184402745
-1.7135461569
-0.1005689353
0.8033854961
-0.2323408723
-0.1477187127
-0.0978969708
-0.7012039423
-0.1829943061
-0.3706321120
-0.1152559668
0.2654966116
0.1727983057
0.4895013571
-0.6397917271
0.3754691482
-0.0880875736
-0.0680324137
-0.2479469180
-0.1692609936
-0.1053285748
-0.0219911598
0.0554593690
0.6073681712
-0.0301010888
0.5359315276
0.1521765441
0.1913004816
-0.2718180418
0.2564132214
-0.1502621919
-0.8780856133
0.1953563094
0.0337156989
-0.0075687394
1.0812895298
-0.0448014922
-0.0897237882
0.2726770043
-1.8761662245
-0.0943704471
0.4011187851
0.1409206092
-0.0608403943
-0.3020065129
0.4115417898
-0.1135820970
0.0365761667
-0.2229417861
0.4031733871
-0.4312922359
0.1159259900
0.2449783385
0.3377500474
-0.0607600659
0.5316198468
-0.1451958120
0.0916087106
0.0798966587
-0.0395833142
-0.2535229623
-0.1778445095
0.0697428659
0.8418087363
0.0481897406
-0.4221057594
-0.0873588547
-0.4141002297
0.1510343999
0.1015753672
-0.0254907142
-0.1464307308
-0.4043583870
-0.3953750432
0.1833621860
0.1281263530
-0.1488180608
0.2527881861
0.3084671795
0.1914857477
0.5907483697
0.0086278142
-0.0610284321
0.0232829899
0.0919474065
0.2021657228
-0.0305888131
-0.2583892643
0.0216278862
0.1790732890
-0.0448547266
-0.1948955506
-0.0810612142
0.3097090721
0.0219204761
0.4843203127
-0.0274753477
0.1747621894
-0.1772563159
0.0839380026
-0.1712931544
-0.0262399856
-0.1901290864
0.0135371909
-0.6790240407
-0.2430803180
0.0413494185
0.0282628592
-0.2533217371
-0.4094692171
-0.7446211576
0.3353011608
0.4745747149
-0.0572980680
-0.0469767116
-0.1005612016
0.1289219558
-0.0570655316
0.3201005161
0.1517161429
-0.2006033957
0.0686431751
0.1758598387
0.0110239685
-0.1306529045
0.2934913337
-0.0106418170
0.4540943801
-0.0332828797
0.2291356027
-0.2114811093
0.1770463437
-0.1557285041
0.0261200145
-0.2101413012
0.2041828930
-0.4311277270
-0.2131958455
0.0022278186
-0.0201743413
-0.2677039802
-0.1522295028
-0.6896039844
0.1758328825
-0.3510674536
-0.0088459998
-0.0710105225
-0.1620873660
0.2760217786
0.0556564704
0.2621515393
-0.0205554813
-0.0814959258
0.1276285350
0.1099474281
-0.0923057646
-0.1855306923
0.1590092331
-0.0227789599
-0.6941582561
-0.0213991180
-0.0537548326
-0.1163691431
-0.2794605792
0.2538705468
-0.1415197253
0.0186220426
-0.1626481265
-0.1923984587
-0.2810537219
-0.1442408860
0.2240761071
-0.3257992864
0.0361330062
0.1152040362
0.4447774589
0.4802764654
0.0040241778
0.1046901941
-0.3193762600
0.0068824789
0.1895214766
-0.0868633613
-0.2680326700
0.0928075537
0.1920700669
-0.4280391037
-0.0289353020
-0.0299471077
0.0930061042
-0.0609408207
0.1686542034
0.1680886745
0.0800378919
-0.1446388066
-0.2135473639
0.1255476773
0.2263953388
-0.0998743773
-0.0236335695
-0.0258752853
-0.2279869914
0.0654948056
-0.1212383285
0.0725690126
-0.1016365439
0.0343212187
0.1308832467
-0.0125961155
0.1731554866
0.1993420124
0.0277841091
-0.0496934503
-0.1446292698
-0.0292717516
0.1056563556
0.1858443618
0.0639138818
-0.0268578678
-0.0023932904
-0.1757867336
0.1101994216
0.0840924978
0.1939393133
0.2721010149
-0.6193166375
0.0411368720
-0.3542814553
-0.0264811497
0.0455867462
0.0412593372
0.0437617451
0.5402640104
0.2399628460
-0.1318081021
0.0070919702
0.3243361413
-0.2612897456
0.5112133026
-0.0118244290
-0.2842035890
-0.0444614366
0.0723940581
-0.5086409450
0.0811393112
-0.1399491131
-0.3420556188
-0.3082500100
0.1580095440
-0.1739757061
0.0215389691
0.0548762605
-0.1190685108
0.0144677199
0.1084324643
0.4710986316
0.1314407438
-0.6364345551
0.1229992807
0.1166163757
-0.3397493958
0.1217498183
-0.0388736241
0.0550879762
-0.0028877363
0.1832893044
-0.0149409445
-0.0654976666
-0.2570686936
-0.4080092609
0.0322789513
0.0457301028
0.2364953756
0.0126197981
0.1745464802
0.0437043831
-0.2119006217
-0.2461285442
0.0592331290
0.2559490502
-0.1112241223
-0.1493681818
0.1482900679
0.0595537871
-0.2136884034
-0.0584055521
-0.4291930497
0.7632847428
0.1606892198
0.1440986842
-0.2397357076
-0.0003517211
-0.1619146168
0.1356475949
-0.0220146477
0.4145134389
0.0832294002
0.3039598167
0.1042587310
-0.0187036190
0.0631059557
0.4830249250
0.5165358186
-0.4921291471
0.1588777155
-0.1052626520
0.2291255891
0.1263625324
-0.1327312440
0.0293313432
0.0008921147
-0.2064760923
-0.1989766210
-0.1470731944
-0.2627612054
0.1229744777
0.0151657900
0.2444770783
0.1666062027
0.7111060619
0.0496737063
-0.2658125162
0.1258434653
-0.2870638967
0.0534251258
-0.0001554518
-0.0857959315
0.2167450637
-0.2995480895
-0.2821154296
0.0964061096
0.1673621088
-0.0401481651
-0.0483769402
-0.1958797425
0.1463884860
-0.1354793459
0.0193144381
0.0313115492
0.0039785230
0.0718835071
0.0973128155
-0.0506263338
-0.2860451639
0.0604481138
0.1636826098
-0.4129387438
-0.0333062001
-0.0947218165
0.2643795013
0.0767918751
0.1261721104
-0.0142052686
0.3582614362
0.1289857179
-0.2505491972
-0.1915311515
-0.0425988846
-0.2735029161
0.2330939323
-0.3843915164
-0.2158987522
0.0847068503
-0.0454939418
-0.0027258170
-0.3193577826
-0.4248062968
0.2396396101
-0.1136432290
0.1019275859
0.0646458343
-0.0284091812
-0.3526298106
0.4039127231
0.2787254453
0.1861076355
-0.1524550319
0.1061869189
0.3874734044
-0.0966217443
0.0329471678
0.1584552526
0.0842173398
0.3101567626
-0.0421200804
0.0081808120
-0.0223247651
-0.2645930946
-0.1614792198
0.1318686903
-0.2748848796
0.2234378606
-0.2506683171
-0.3346607685
0.1705796570
-0.0035970495
-0.3346555233
-0.2023057342
-0.4628877044
0.2260926515
-0.2776741982
0.0913991928
-0.0046648947
-0.0880594179
-0.0071744402
0.0968078524
0.2916202545
-0.1267475635
-0.1966946274
0.1225946918
-0.5872919559
0.0364436023
-0.0720012486
0.2682230473
-0.1162593588
-0.5091890097
-0.0148914177
-0.1240511462
0.0974980071
-0.1710258871
-0.1960383505
-0.1366204470
0.0072196107
-0.3454460502
-0.2780368030
-0.1970801353
0.1515129507
0.1069407910
-0.1196461692
-0.2940080464
-0.5763185620
0.4057211876
0.0290192589
0.0475267433
0.1318294108
0.0788835809
0.0595467798
-0.1460507363
0.0415156372
-0.2496398091
0.1709236205
0.2028165609
-0.5568720102
-0.1547937840
-0.0026579343
0.2918074727
0.0874353573
-0.6402716637
0.1344140768
0.2873892188
-0.1046250984
0.0116134984
-0.0235689785
0.1260139495
-0.3352080882
0.1936854422
0.5655558109
0.3281714916
-0.0104340361
0.1043303460
0.1756190509
-0.0701110139
-0.3015658259
0.0032495288
0.1940845698
-0.1532830745
-0.0076393373
-0.1172414273
0.1380374581
0.1177799553
0.1219127327
-0.6744074821
0.0204393715
-0.0905325264
-0.5403346419
0.3560271561
-0.1544987112
0.1057799757
0.1262871027
-0.2744552791
0.2174202800
0.0274822470
-0.0617479160
-0.0941680446
0.2087415904
-0.1534782350
-0.0488755926
0.3225635290
0.1627411842
0.1806962788
-0.1410530657
-0.0462979674
-0.4195175469
-0.0362774022
0.6190497875
-0.0511100553
0.0467724353
0.0430156738
0.1628033668
0.3682749271
0.4325012863
0.1677415967
-0.1047928184
0.1620185524
0.1983494163
-0.0646812841
-0.0379293226
0.0335862227
-0.1135854200
0.1509468853
-0.0645679310
-0.4534014463
0.2633923590
0.1329860091
0.1063487455
-0.0555410087
0.2029665262
-0.3931484818
-0.2910985649
0.1548508108
-0.0438913852
0.2046019882
-0.1353459209
0.0185909364
0.5564705729
-0.3382031322
0.7048198581
-0.2443693131
0.4092993140
-0.0755447671
0.0012799653
-0.1303194463
0.1191002354
-0.0349176824
-0.1496987194
0.3702940643
0.2260669768
-0.0755282566
0.0597781353
0.0082203792
0.1928036362
0.2883718312
0.2466715425
0.9207397103
0.0922057778
0.2191841304
0.0254551955
-0.0572364032
-0.0595909916
-0.1342335343
-0.0041676662
0.3612526357
0.3939055800
0.2939863205
0.0040616910
0.1598876417
-0.0197698437
0.2156434953
0.1716038138
-0.2829700410
-0.2960747182
0.0303789470
0.2155340761
-0.1819569170
0.0825136900
0.2269884050
-0.0627026707
-0.4269856811
-0.0247915443
-0.0964341089
-0.6110715866
0.2635012269
-0.2784319818
-0.0528172031
0.1111692190
0.6443970203
0.1565927863
-0.4384731054
-0.1021536589
1.0442191362
0.3470019400
0.1993137151
-0.0723150373
0.1631653905
-0.1070267186
0.1376372427
0.1146385074
-0.1074970216
-0.4257228374
0.5857675076
-0.2766758204
-0.2907328010
-0.5061262250
-0.0305107664
-0.4485027492
0.0250931736
0.1484922618
0.0194454696
0.0218910649
0.7495101690
-0.0170708988
0.2541338801
0.5985136628
0.1298641860
-0.2617297471
-0.1542360932
-0.0189685058
-0.8015735149
0.2087235004
-0.4061545730
0.0011347028
0.7486422062
-0.1955597252
-0.0320605487
-0.2987981439
-0.0871917233
-0.1448492408
0.0335734375
-0.1785642207
0.0204304159
-0.1218816116
-0.2378279418
0.2105480433
0.6170588732
-0.7757963538
-0.2979114056
-0.3210421205
-0.2615044117
-0.2983981073
0.1355246454
-0.0887333453
0.2280534208
-0.2529842556
0.0747759938
0.0304777771
0.0205752123
-0.1796119064
0.2226120383
-0.0872386694
-0.0177904628
0.1241920963
-0.7987352014
-0.1146278381
0.6895505786
-0.2342321724
-0.0365620255
-0.1753279418
-0.1415078342
-0.0767029077
-0.0443633012
-0.1351677924
0.0615453199
-0.2332934886
-0.4309163988
-0.2873792350
0.3620120883
0.0544877052
-0.0494674258
-0.4187650084
-0.1449156851
-0.0282564871
-0.3189562857
0.1621159315
0.3390801251
-0.2452338487
-0.0149067771
0.1226793751
0.0937824547
-0.2700055838
0.3661477268
-0.0779354796
0.5586165190
0.2363392115
-0.0076142414
0.3477975130
0.2178487033
0.0856895596
-0.0168085434
0.0632746741
0.0577708222
0.0145451119
0.1567001045
-0.0314153805
0.0130508346
0.1416365653
0.6901671886
0.4892331064
-0.1926552206
0.3556539714
-0.3100915849
-0.4695886672
-0.2229002863
0.3206183314
0.0363087691
-0.0405806154
0.4937936664
0.1609194279
0.3098710179
0.6380645633
0.0287237894
-0.0434268005
-0.0093413675
0.1484403908
-0.4043434858
0.6455189586
-0.3091060221
0.2144809514
-0.2095512897
0.2291107625
0.0115738846
-0.3000564277
-0.0073474534
0.1920606345
-0.0804565847
1.0148894787
1.1118232012
0.2143137902
0.0077107758
0.2316663116
-0.5936782956
0.0538406260
0.1856777668
0.0808000863
0.1834771782
0.6224198341
0.0997789130
0.8115625978
0.1348513514
-0.1995445937
-1.5427994728
-0.5216179490
-1.2787914276
0.2094137371
-0.5688720942
0.1523144394
-0.4278460443
0.7034267187
-0.4966307878
0.1045060530
-0.8356452584
0.2312309593
0.4120649397
0.6939881444
-0.2956646085
-0.1916728169
-1.0457832813
-0.4085590839
-1.1182612181
0.1321029812
-0.0042515434
-0.6162543893
-0.5094446540
-0.1623243392
0.0905461684
0.0197485816
0.0087831113
-0.4150149524
-0.1260876507
-1.0674065351
-0.3451937139
0.4713139534
-1.6605341434
-0.8452980518
0.4461238086
-0.0432311445
-0.6712531447
-0.2013876587
0.1004611105
0.1468215287
0.3905954063
-0.1233466864
-0.0156116951
-0.1391445398
-0.1303604692
-0.1631384641
0.0318939947
-0.0249307211
0.4998341799
-0.1611656100
0.0362903774
-0.1093215123
-0.0219836570
-0.0393164158
0.4194328487
-0.0496340506
-0.1192931384
0.0187084675
-0.1669142395
-0.1188387126
-0.0715895966
0.1535783410
-0.1442638636
-0.1110647470
0.3631592691
-0.1354528219
0.3721184433
-0.1268183440
0.5060231686
0.0062126587
-0.1506186277
-0.1260709167
-0.5834966302
0.1766470671
-0.3308600187
-0.1812420934
0.2277419269
0.0295519251
-0.0771145001
-0.1115085185
-0.0740272626
0.0263992567
0.2921976745
-0.1070624590
-0.2481191754
-0.8166633248
-0.1443589777
0.0842881203
-0.0765662864
-0.0291591156
-0.3591039181
0.5309521556
0.1574896276
0.1587870121
-0.0681872144
0.1967667341
-0.3700962663
0.2013614476
-0.1323707104
0.3367887139
0.1863374561
-0.2678421140
-0.0498862974
0.4381663501
-0.1200356409
-0.0943207517
-0.4911964238
-0.1401005089
0.0583596900
-0.0390726626
-2.6048295498
-0.4500236511
0.9990538955
-1.8991253376
0.1696064621
-0.1307552308
-0.2512910068
-0.2213630825
-0.1265287697
-0.3262282014
0.5665996075
-0.2168696523
0.1486931890
0.2089022100
-0.3579506278
0.0164481401
0.1865067333
-0.2890222669
0.0031688642
0.1133251041
-0.4544569254
0.0273442082
0.1868326962
0.2633022666
-1.1483713388
0.2762661278
-1.0087071657
-0.3502329290
-2.4388325214
-0.1277848482
-0.1778185666
0.0414916128
0.9499927759
-0.7957171202
0.8845432401
-2.6918566227
0.5042659640
-1.2424131632
-1.7891128063
-0.2671272755
-0.0096908659
0.1384560019
0.0327300280
-0.2267128229
0.1112587973
0.2101315558
-0.4247916639
0.1261415929
0.1469932199
-0.6598888040
0.0222259741
-0.1399642080
-0.1626592427
0.0921969637
0.2625770867
-0.2085625529
0.2664901614
-0.8169284463
0.4315620959
-0.1515639275
-0.3961132169
0.1739406139
-0.3052071631
0.1559823900
0.0218016785
-0.2171346247
-0.0559646375
-0.5576555729
-0.1699281186
0.1893877089
0.2411915958
-0.7890027761
0.0847840160
-0.7343637347
-0.4683755636
0.1233081892
-0.2901232839
0.1780917943
-0.2434625477
0.2726382613
-0.0847861469
0.2385600507
0.0296528768
-0.2447434068
0.2941760719
0.0426232442
0.1189888939
-0.2359144092
-0.2699818313
0.0143682268
-0.0783199221
0.0489381664
0.2849253416
-0.1527159810
0.1355322152
-0.0291327424
-0.4407934248
-0.1889305711
0.2304261029
-0.1132518873
0.3998390436
-0.3842309117
-0.2387156636
-0.1704957783
0.0087160207
-0.3969738185
0.0356948003
0.1956929266
0.4723744094
-0.0977864116
0.2395461202
-0.0704347789
-0.5296771526
-0.4323496819
-0.0211180896
0.1843085289
0.1569795310
-0.3637579083
-0.0448425040
1.0226713419
0.6680324674
-0.6872702241
-0.8492360115
0.9338612556
-0.3203066289
0.0344472863
0.1041185632
-0.6329770684
0.0127553483
-0.2294325680
-0.7699143291
-0.1178984419
-0.4558248520
0.2142126560
-0.0425496139
-1.0824521780
-0.8456289172
-1.1356520653
-1.2466039658
-0.2803703845
0.5121178627
0.2386204898
-0.3530273438
-0.1622069627
0.2189993709
-0.4329878092
0.3313782513
-0.3213421404
-0.0162469000
-0.1274253875
0.2273658663
0.1831229031
-0.4260019362
0.0278132949
0.5134614110
-0.3145646155
0.0411261804
0.3432117701
0.3253082037
-1.6005053520
1.0154110193
-0.8796288967
0.7672836781
-0.0824723989
-0.5639830232
-0.4348457158
0.2533635497
0.1495044082
-0.3054480851
-0.0754113272
0.2029335648
0.3151582181
0.5464532971
-0.0913837478
0.2022003680
-0.1889036149
-0.5476768613
0.1863770187
0.0706518441
-0.0750876516
0.1156563312
-0.3560690582
-0.2997754514
0.5681208968
-0.1217246875
-0.1225928962
-0.0099038389
0.1833713800
0.4309149981
-0.1025237516
0.1613521427
0.0838076547
-0.1884559840
-0.2430198640
-0.0777235329
0.0644574016
0.1917127073
-0.4101593196
0.0461394563
0.2399955839
0.0270158201
-0.1274678707
-0.4364914000
-0.0671848953
0.2518449724
-0.2298494130
0.4309517443
0.0334265828
0.0066045071
-0.1726071239
-0.8081368208
0.6524305344
0.2656349540
-0.3702064455
-0.3235895634
0.2386185229
0.5345768332
-0.0361898839
-0.3749632239
-0.1409267783
-0.6686897278
-0.2517696321
-0.0237392057
0.1057941467
-0.5671327710
0.0151932454
-0.5170587897
-0.7443284988
0.1634571105
-0.0755120739
-0.3353527486
-0.9035451412
0.0656965896
0.0521522649
0.4587489665
0.3637936413
0.5033912659
0.1444561183
-0.1344766021
0.2018089741
-0.4480340481
0.1444946378
-0.1355050504
0.4338963628
-0.0059488392
-0.2570373118
0.2272316664
0.3908763826
0.1195478514
-0.0691599324
0.0643630177
-0.2037277520
-0.0633063018
0.2337042987
-0.4431088269
0.0656976774
0.1272954494
0.3015540838
0.0022195680
-0.6798577309
-0.1343737692
0.0480079502
0.2144819200
-0.1157426387
0.3223266304
0.3407551348
0.1568057984
0.2155540586
0.2073457390
0.2563295364
-0.2721306384
0.0061494126
0.0518835261
0.4162391126
-0.2411555946
-1.0060110092
-0.3512774408
0.2266580164
0.1971789151
-0.6507024765
-0.1074452996
-0.0121858297
0.2524916232
-0.0621283799
-0.0398087353
0.2067885399
-0.4051194787
0.0518210605
0.0326736718
0.1517727971
0.1101802438
-0.4849911630
0.2659190595
0.1377764195
0.2650294304
-0.1367177069
-0.2713795602
0.2203107029
0.1548296660
-0.2391436100
-0.4305016994
0.1539591849
-0.3974490166
-0.2508225143
0.2938947082
0.5766235590
0.0346235186
-0.4263605475
-0.0277300030
0.0883040652
0.1519008726
-0.1853777021
-0.5408585668
-0.3749606609
0.0435404964
0.1145590544
0.4562150836
-0.1424432695
0.0396748520
-0.0292706415
-0.2904381752
-0.3845864534
0.0923212022
-0.1804985553
0.3642808795
-0.3491492271
-0.1786851138
-0.1677819639
0.0340644456
-0.2900738120
-0.4268470407
-0.1342284977
0.0262962710
0.1818303466
0.3974212706
-0.8047700524
-0.5593527555
-0.3100617230
-0.4867497087
-0.1669678837
-0.1614458114
-0.4922779202
0.2328166068
-0.0456395112
0.2397100031
0.2696265280
0.6592378616
0.2135667205
0.1072008312
0.2012358457
-0.1377909929
-0.1842770875
-0.0431388207
0.0493522994
-0.3556109965
-0.5198023319
-0.3612871766
0.1693440974
0.1776882857
-0.4064477086
-0.2844582498
0.3089295328
0.0676516965
-0.6443032622
-0.6193863750
0.2328484207
-0.3805849552
0.1402807981
0.1562034190
-0.8745380640
-0.2323009372
-0.4628154337
-0.8993424177
0.1799281240
0.2945309877
0.4905876219
-0.0797278285
-0.2516555786
-0.6730530858
2.2267282009
-1.3747699261
-0.7424854040
0.0327270217
-0.7414200902
0.5682507753
-0.4509819448
-1.2003729343
-0.5988717079
-0.8993868828
-0.2888050973
-0.6530919671
-1.2791603804
0.3878497779
0.0750222877
-0.0001093657
1.0114347935
-0.1037391275
-0.5202507973
0.0773761570
-0.3760271668
0.7590151429
0.2741253674
-0.7949221134
0.4767169654
-0.5133572221
-0.2232639790
0.4809092581
-0.2440987229
0.4434528053
0.1291669309
0.8157342076
0.6007809639
-0.7312102914
-0.2285216302
-0.1623546481
0.9324286580
-2.1263620853
-0.1404181570
-0.6936395168
0.0159516055
0.4257674217
0.4213922620
-0.5853540897
-0.8451237082
0.0453787819
0.6001431942
0.1396323442
0.1297788173
-0.4337000549
0.2405430973
-0.1663371027
-0.0874523148
0.0405561700
0.2301986516
0.2272369862
-0.5577231050
-0.0197568107
0.0347556919
0.2800388336
-0.1697112322
0.3563811779
-0.2650660872
-0.0650737435
-0.1269579679
-0.3239956200
-0.2868776619
-0.1989265233
-0.0851712525
-0.8360690475
-0.2257857174
0.3212143481
-0.7869835496
0.1675693542
-0.0388293155
-0.4741460979
-0.6107816100
-0.1135229841
-0.0665913448
-0.2492214441
0.0962992609
0.3455486894
-0.0850555450
0.2063090056
-0.1769091785
-0.1358606517
-0.2711457610
0.0019140942
-0.0469023287
0.1199971735
-0.3254346550
-0.1743411124
0.6706163287
0.3242763281
0.1332291812
0.0978580788
0.2673026323
-0.3208781183
0.5123382211
0.6024272442
0.0599145107
-0.6015733480
0.2808053792
0.0672748387
-0.0408983566
0.1858936995
0.6743731499
-0.3676457703
-0.3814277053
0.1446213573
0.0244392194
-0.6506628394
0.2579274774
0.3188215494
0.0219566468
-0.3424333632
-0.4549956620
-0.5750555992
0.1723126322
-1.3021140099
0.2466344386
0.2252381891
-0.4286857247
-0.0141280964
0.0509227850
0.0640368834
-0.9227330685
0.0707116500
0.1553861052
0.3350546062
0.1059133038
-0.0909821838
0.2690438330
-0.1158242002
0.1556650400
-0.7567024231
0.3476142883
0.1237775534
-0.0601263084
0.0491345525
0.0489455424
-0.0925413221
0.0685646906
0.0135438815
-0.3696266115
-0.2570128441
0.1121405214
-0.1666178554
0.1061212569
0.0599556752
0.1207816899
-0.1822745502
-0.2474158108
-0.1662774086
-0.1648848653
0.2163973898
-0.7459085584
0.1374576092
-0.1138248742
-0.1199563965
-0.3877226114
-0.0998721719
-0.0686451569
0.0274644345
0.0021396240
-0.1379085481
0.2488469332
-1.2447589636
-0.5325173140
-0.3373031616
0.0687498525
-0.0925393999
-0.1668789536
-0.7427741289
0.3220917583
0.2050396651
-1.1167621613
-0.4544667602
-0.0635006353
0.2941353023
0.1879236847
0.5131981969
0.4797891974
0.9750447869
0.1096795201
-0.9539248347
0.4159317017
0.2534470558
-0.0129322195
0.1852758229
0.1427123398
-0.2208039910
-0.1327709407
-0.1394774169
0.0459690019
-0.3201174438
-0.0381828621
0.0080545638
-0.3018101156
-0.4616708755
0.0005153962
-0.9892933965
-0.1111646593
-0.0271648038
0.2575422823
-0.1531912833
-1.5284745693
-0.3973551989
0.0702690482
-0.2770777047
-0.2099669129
0.1248646602
-0.7683251500
-0.4970818460
-0.0137358317
-0.2969112098
-0.2148701698
-0.0975820050
-0.1868313998
0.3905738592
0.2251248360
-0.3018808365
0.3811082542
-0.3419749439
-1.1159386635
-0.7002900839
0.2828228772
-0.3895498514
-0.8472229242
0.1875492185
0.5169562697
0.3511509895
0.2219163924
-0.1429316103
-0.5446342230
0.2242812812
-0.2192520797
0.1327702403
0.2062113434
-0.0916307718
-1.2200884819
-0.6427567005
-0.0739028826
-0.2005573064
-0.5806790590
-0.2273451984
-0.9613086581
0.8458164334
0.0812608302
-0.4029298127
-0.2375269234
-0.2537734210
0.6290802956
-0.5853307843
0.2727050781
0.4390545785
-0.4381678700
-0.4607573450
0.1624618471
-0.3112329245
0.0634801760
0.5268886685
-0.9552758336
0.0626309663
-0.0890387520
-0.3239810169
-0.3048374057
0.0098965140
-0.5554714799
1.1078068018
0.4759783149
-0.8865064383
0.0410827883
-1.2062954903
-0.0774402022
0.1129856035
-1.1721154451
0.1269220114
-0.1606257856
-0.2561568320
-0.9895250201
-0.2050049156
-0.4696444273
-0.7243689299
0.2028106749
-0.9468811154
0.1831536740
-0.0092695681
-0.5604812503
0.1822410226
0.0992669165
-0.1338767707
-0.2419624776
-0.4348044991
0.0022972631
0.6317428350
-0.4134786129
-1.1700129509
0.0849339962
0.0659106597
0.2819044590
0.0866993740
-0.5570235848
-0.2731010318
0.1289112866
-1.3511555195
0.1007876322
0.0835570991
-0.3266241252
-0.6148169637
0.2334053963
-0.4467079043
0.5548960567
-0.0813610926
-0.2813307345
-0.6281066537
-0.0630896613
-0.3649193347
-0.2436486185
0.1506817490
0.4656848311
0.2738434374
0.0815343335
0.4955511689
-0.2344226390
-0.2885338664
0.0641252100
0.1997575164
-0.4081453085
-0.1989047974
-0.4198231697
-0.2445118278
-0.3900192380
-0.4207261503
0.1171174943
-0.6631055474
-1.6358052492
-0.3074884117
-0.0635931045
0.0415925346
-0.1109361053
-0.4175972342
0.2573468685
-0.0980522260
0.0246273819
0.1138819233
-0.0796962529
-0.4990138710
-1.7780909538
0.2207620740
0.0434052907
-0.2459870130
-1.1987463236
0.4051373005
0.1457085758
0.1666407436
0.2786064446
0.5588169098
0.5056701303
1.0227103233
-1.0086801052
-0.4438413978
-0.2081654519
0.1032842398
0.0519215837
-0.2110813260
-1.4366861582
-0.5075120330
0.6213492751
-0.0644442663
0.7113395333
1.1931822300
-0.3197159171
-1.4876593351
0.1821044683
-0.8845149875
-0.2203817368
0.4880945086
0.6744182110
-0.1584817469
-0.5691816807
-0.8071008325
-0.2656546831
-0.5932173133
0.1362656206
-0.3775187731
0.0354602076
0.4526253045
-1.1758756638
-0.0326802991
-0.2147261798
0.1889645755
-0.6562772393
-0.4474575222
0.1008265093
-0.4489826262
-0.6515425444
-0.5852938890
-0.6068909168
0.3350889385
-0.7668663859
0.5959920287
-0.0724764913
0.6027256846
-0.0999377072
0.0836825520
-0.1992825121
0.0453707613
0.2154372633
-0.2112160772
0.1491374224
0.1018937677
-0.0410582982
0.2017574459
0.1345339864
-0.6406197548
-0.9110627770
0.3254553080
0.0943494588
0.2748301029
0.4544866979
-0.0519322306
0.5079589486
0.1961769015
0.1331842840
0.4918659925
0.1450552195
-0.0257323720
0.7318983674
0.4871412814
-0.1891377121
-0.0003819353
-0.8389188051
-0.8918458819
-0.3312219679
-0.2526561618
-0.6935266852
0.2429850847
-0.0708705112
-0.1319514215
0.3680332005
-0.1574305147
-0.2457498461
-0.4005537629
0.1387607306
0.1967705041
0.2882792652
0.2274488956
0.5294263959
0.1165836826
-0.1951285899
0.0356699042
0.7136968970
-0.1130302176
0.3149383664
0.1053230390
-0.4631969333
0.2129077166
0.5608430505
-0.1677141637
0.3004258275
-0.1521270126
-0.0316442437
-0.0361550748
-0.6482148170
-0.1037699059
0.2588886917
-0.0995485261
0.2114184052
0.1631207615
-0.1380589902
0.1987135410
0.0650167391
-0.4451535642
-0.2108537853
-0.1205034778
-0.0050034723
0.3678716123
-0.0851412490
0.0202136580
0.5344948769
-0.4915208220
0.2764583230
-0.5380790234
-0.5707898736
-0.0827232972
-0.1151847914
-0.1228228360
-1.5857982635
0.3514971137
-0.0674416795
-0.1140129194
-0.2331964970
0.2120356113
-0.0456782989
0.3145243824
-0.2812991142
0.3067483306
-0.3257475197
0.0736877918
0.0060935388
-0.0122638075
0.4839644730
0.2296791077
0.5497241020
-0.1869188249
0.0215356071
0.2149482220
0.3098110259
-0.0287481174
0.5649334192
0.3417671621
0.4838120639
0.0027082637
-0.2157702595
0.0643876195
-0.0766404942
-0.0777691528
0.5229868293
0.1189010143
0.3859408498
0.1765784919
0.5171358585
0.5326753259
0.7846229672
-2.2519507408
-0.2980570495
-0.0668888688
-1.3443931341
0.1725434810
0.3659214079
-0.0687397942
-0.2094335854
0.0905157700
-0.9042131305
0.1849336922
-0.2326620966
-0.2941886783
-0.1724045873
-0.2168973237
-0.2030488253
-0.0182868596
0.3567202985
0.6815540791
-0.1992730647
0.1508513093
0.3318037093
0.2452287972
-0.1725757420
-0.1850811094
0.4645150900
-0.6265738606
-0.8439562917
1.3487967253
0.1464357376
0.3357612193
0.4042974412
0.1884151846
0.0109496247
-0.5424436927
0.2664657533
0.4559870958
-0.1738656014
0.1236769035
0.5405480862
-0.0277022459
0.0210100599
0.0629313737
-0.0465225466
-0.1498645842
0.7881574035
-0.2583909035
0.1426104307
1.2155895233
0.8373318315
0.7295414805
-0.3282799125
0.5734487176
0.4116592407
0.1650597453
0.4408900440
0.4670351744
0.0955800563
0.1683790535
-0.4171007574
-0.4305025339
-0.3830826283
-0.1848307401
0.5025526881
0.6651728153
0.0124093853
-0.1867742687
-0.3835224211
-0.1208197102
0.1209822223
0.0595180616
0.2673842013
0.1287319958
0.3341788650
0.0326026864
-0.4685493708
-0.3111887872
-0.2300956696
0.2056977898
0.4556272924
-0.3843126893
-0.4843663871
0.0033772148
-0.5835288763
-0.0638642609
0.3447342217
-0.0888331831
-0.1512120813
0.1373334825
0.1817956567
0.2556859851
0.1025759727
0.9119712710
0.3345823884
-0.2324743718
0.3133486807
-0.7328147292
-0.0251938961
0.0717195496
0.1618296057
0.1611676812
0.0477915630
-0.1433662176
-0.9784549475
-0.1317639500
0.3900200427
-0.1447539777
-0.0018148086
0.8709258437
0.5975905657
0.4327363372
-0.5472078323
0.0036817356
0.0851339251
-1.0800025463
0.7515347004
0.5647557974
1.1317454576
0.8915443420
1.0799182653
-1.9216623306
-0.0659111291
-2.1142451763
-1.0002799034
-0.6848123670
0.3323837519
0.9002513289
-0.2698474824
-0.1060263664
-0.0186834913
0.1615072936
0.1857672632
0.0515832566
0.4721786678
0.0373429805
0.2424988449
-0.4497359991
0.0179165676
-0.6234576106
-0.0541764647
0.0279303081
0.0240137372
0.0506374277
0.0703533664
1.3259088993
