0.6319302320
0.5652471781
0.1375234127
0.2989518940
0.1298818737
-0.4519690573
0.2475099564
0.1955444068
0.0159665085
-0.0320140161
0.1551809758
-0.5968431830
0.2668629289
0.3673961461
0.9727201462
-0.3189002573
0.1649442911
-0.7416387796
-0.9941744804
-1.3039697409
-0.2463079691
-0.1506083757
-0.1368623972
0.6941757202
0.0991206542
-0.3345491588
0.2493208051
-0.1454959214
0.2366292030
0.4197416008
0.7413436174
0.2692109346
-0.8054412603
-1.2396395206
0.1425319165
0.1138892099
-0.6939195395
0.9577108026
-1.0147966146
1.1607446671
0.6031683683
-1.2937531471
0.0465877280
-0.0830172896
0.5201963782
-0.9501525760
-1.3904758692
0.3517107666
-1.2459174395
0.0909027606
0.6040802598
1.3218728304
1.1631208658
-0.4127822816
0.7026639581
-0.4877420962
0.3411757350
0.3696148098
0.6459177136
-0.6914103627
0.7386963964
0.5837978721
0.0404982604
0.7535386086
0.6398295760
0.4320663512
0.3124725223
0.5605823994
0.2886379659
0.4125793278
0.3043581843
0.2367056459
-0.8756029606
0.3420792520
0.1742648333
-0.3080195487
0.2922001481
0.3396405578
0.7256642580
0.1260036379
0.2403146029
0.1411497891
0.8140887022
-0.9050134420
-0.2637059987
-0.0068299016
-0.1865699589
0.4744011760
-0.4449533820
-0.4077235460
-1.7670361996
-0.9197381139
0.2436471581
0.2183387578
0.6685237885
-0.1671281159
-0.0494638421
-0.1022989899
-0.2809740603
-0.9296636581
0.8325031400
0.1643311530
0.0728436187
0.2427302003
0.2764937282
0.6598637700
0.2900902331
0.6861270666
-0.5387002230
-0.4021131694
0.5734964013
0.7355895042
0.7404651642
0.3969922066
1.9270136356
-0.0035604818
-0.8544204235
-0.0813713521
0.8055583239
-0.7997059226
-0.5511472225
-0.3482147455
0.2384331524
-0.6114495993
0.0345971808
0.1208904833
-2.6907594204
-0.1177919134
-0.1005852222
0.1100983098
0.0562683195
-0.0848467276
0.1927390397
-0.0495546609
0.3548809886
-0.2451674491
0.3113790452
-0.3340543211
-0.2020788044
-0.0716884807
-0.0672756582
-0.1892892122
0.3290748298
0.0009902380
-0.4166187048
0.2161127478
0.2410383821
0.0716154352
0.1197811216
-0.3422438204
0.1317938268
0.1699414402
-0.4541196227
0.2116633505
0.2797117531
-0.0079597346
-0.0339093953
0.4917885363
-0.1671955585
0.3660697937
-0.1466690302
0.1288820356
-0.4611909688
-1.3237738609
0.6763260365
-0.7733800411
0.0433508120
0.3348208070
0.6027660370
-0.0685716867
0.2224297822
1.5723869801
-0.2702325881
-0.3626948893
0.2154079527
-0.3233400285
0.3841366470
0.8886849880
-1.2609386444
-0.5743489265
-0.5171176791
-0.1169617474
0.8976355195
-0.2506371439
0.1173358411
-0.2319929749
1.0134462118
-1.0697479248
-0.0614575483
-0.0311818887
-1.7986681461
1.1302297115
-0.7526822686
0.0384285077
0.0977379307
0.4346992671
-0.0714321136
-0.6046538949
-0.2445668578
0.0893852487
-0.5011392832
-0.2622549832
0.2815571725
-0.9898521304
-0.0019006195
0.3189705908
0.2752950191
-0.5831997991
0.0565880984
0.8467942476
-0.8437343836
0.9980430007
-0.6279284358
-0.2255159914
-0.2757468820
0.4665083885
0.2489662170
-0.4349676371
0.4194190204
-0.1068595573
0.2016387731
0.0935782939
0.5169394612
0.4049846530
0.5052778721
0.7132874727
-0.0605206639
-0.4047653973
-0.6367666721
1.0802502632
-0.1176815405
-0.9671431780
0.9839876890
-0.9231277108
1.0667610168
0.5844880342
-0.1052867994
-1.6419990063
-0.5039480329
0.8980066776
-1.0399961472
0.0038928073
0.4719429910
-2.3238055706
1.4366335869
-0.2839013636
0.3540103137
-0.3931744397
0.1375908554
0.5113466382
0.5246130228
-0.4727384448
-0.8516537547
0.0958021209
0.6700221896
-0.1566960812
-0.4644181728
0.0422973521
0.3439368904
0.6328231096
0.2517413497
0.1220426038
0.0124545079
-0.0296872407
0.3636340499
0.0186870657
0.2473023534
-0.5171995163
0.2873904407
0.3992528021
0.0979005173
-0.4125725329
0.1575893909
-0.6527348757
0.8558435440
1.2817485332
-0.5057293773
-0.1343500763
-0.3995752335
0.3735214174
-0.4249549508
-0.1204565093
-0.9881784916
-0.5149555206
0.2026489824
0.2480750680
0.5489164591
-0.5865456462
0.6992368102
0.3333118856
0.2593864799
-0.2857910395
0.3394371569
0.0018337958
0.1872665137
-0.2938352823
-0.1653681248
0.3091481328
-0.0660566241
0.3627185225
0.0129810683
-0.6593492627
0.6759005785
0.1568772793
-0.0725557059
-0.6300000548
0.7545775771
-0.6363741755
-0.2225635201
0.0390654504
0.0548230708
-0.1466051340
0.2071224153
0.6122007966
-0.1641411483
-0.1616342515
0.8894673586
0.5621800423
-1.7571047544
0.2174724042
-0.1339536756
0.1752296090
1.0947440863
0.3487212658
-1.3200130463
-0.0210753828
0.9458238482
-0.0210557282
0.8162176609
0.9005123973
-0.6472345591
-0.3647836447
0.4289929569
-0.9352650642
1.0448803902
0.3485332429
1.4327151775
0.8328029513
0.4527376890
-0.3079485893
1.1929028034
-1.1832019091
1.0689646006
-2.1708483696
0.5705890059
0.7944324017
0.6375064254
0.4709863067
-2.2184588909
0.2549178898
1.9053221941
-0.5112888813
0.7867565155
-0.1192946136
0.1106630489
-0.3961468041
0.6102390885
-0.3218770325
0.3270020187
-0.0672047585
-0.3894483447
-0.2307686359
0.0417704768
0.8649284244
-0.6615166664
0.5962336659
-0.0526924729
-0.0232877620
-0.4602819979
0.2582191229
-0.5292620659
-1.1254026890
-0.1606778204
-0.1943406910
0.7531960011
0.0833113268
0.0907740965
0.5858826041
0.0888713375
0.3318684399
0.4566209614
0.7249715328
-0.8742948771
0.7902929783
-1.7562370300
-0.5694087148
-0.1658188403
0.8511664271
0.5123870373
-0.4233114719
-0.0869311839
-0.6913711429
-0.2256781906
-1.3491969109
0.2269067466
-0.4517439306
0.7270888686
1.0588732958
0.5640478730
-0.3980101347
0.3078537881
1.0099947453
-0.1251719147
-0.1097679958
-0.6821607351
-0.8467501998
-0.3100805581
1.2489968538
-0.5627685189
0.2928729653
0.7174344659
-0.4194064736
-0.6876878738
-0.6991066933
0.5097965002
1.0493804216
0.0547398925
0.0849928260
0.1790499687
-0.1382268369
0.0640545785
-0.0393977165
0.1006131470
-0.2124379724
-0.2151931971
0.1237316430
0.0456390679
-0.0584093034
-0.0550269186
-0.0656019896
-0.1760234535
-0.0254785717
-0.2021525055
0.0559089780
0.0407784283
0.0419823229
0.1988026798
0.1692165434
0.1368455887
-0.0586232394
0.0516054630
0.1781411767
0.1507548094
-0.1292479634
0.1944653094
-0.1656604111
-0.0585065782
-0.2056831121
-1.6795922518
0.8674641252
-1.4890018702
0.1703734100
0.3171104193
-0.1021024734
-0.2781370282
-0.3908189535
1.2193864584
-1.1250412464
0.8362175226
-0.0352174416
0.8765094876
-0.5387194753
0.8526470661
-0.6168523431
0.4892561734
-1.4295674562
1.0193679333
1.1245437860
-0.5756528378
-0.5246468782
-0.1758241951
1.3248734474
-0.7422983646
0.2483006418
-0.1204083189
-0.3559086323
0.3198402822
-0.2945099175
0.2699975669
-0.8846967220
0.7754184604
0.3021512926
0.2008854449
-0.7942578197
0.3658146560
-0.1377266347
1.1389031410
-0.1264749318
-0.1698748916
0.1624384671
-0.1081415862
-0.1907035559
-0.6548806429
-1.1347460747
0.5262627006
-1.2639995813
-0.3715893328
-0.2220845222
0.2449628115
0.6828963161
0.0368971191
0.1494837552
-0.3374703825
0.3025955260
0.7778101563
0.8413330317
0.3898140490
0.2656639814
0.6626290679
0.4331687391
0.2397593856
-0.4076204300
0.0077260002
0.1778693646
1.8500317335
0.9470308423
-1.8718907833
0.0614761002
0.3775237799
-0.0480291583
0.4842624068
1.0485949516
-0.4657144547
-0.3453195095
3.1113245487
1.5840229988
0.8095028996
-0.0311365519
-0.2622688413
0.8247531056
0.2880315781
-0.4101885557
0.8556020856
-1.3828077316
2.1363801956
-1.6401573420
-0.6518216133
1.4103158712
0.0460068658
0.4611425400
-1.0727893114
0.5388602018
-0.3260045350
-0.1150507033
0.7314959168
-0.1772325635
0.0223718192
0.0016458377
0.9202544689
-0.0959263667
0.1329464316
-0.0812222511
-0.4902159274
0.2717907429
-0.2500683963
-0.0263327435
-1.8188639879
0.7553903461
0.4370053113
-0.3134435713
-0.0543787964
-0.0219912194
0.1973838806
0.4470254183
-0.0686600655
-0.1725534499
-0.4386305511
-0.3180868626
-0.0665702522
0.3459686637
0.1491685212
-0.2724513412
-0.3924037814
0.6115026474
0.2699920237
0.8532625437
0.2506690323
0.5989446640
0.2690672278
-0.1943807304
-0.3804451227
-0.0278686844
0.0852641240
0.0476913527
0.0031268310
-0.2621388435
-0.1398857534
-0.5221484303
0.3130081892
-1.4447776079
0.2632565200
0.2234918028
-0.0304149911
0.7569864988
0.1596203148
-0.9985349774
0.5541921854
-0.1805285811
0.0653080940
-0.6198930740
0.1692895740
-0.1817291528
1.1965756416
0.5433018208
-0.0456016958
0.2253114432
0.2902288735
-0.0495060757
-0.2420407981
0.2802872360
-0.0285633169
-0.4321687520
1.1772023439
-0.4023274481
1.5339163542
-0.5316859484
0.9286531806
0.5468946099
-0.6448248625
1.9774370193
-0.5067768097
0.6387436986
-0.4057668149
-1.1002244949
-0.8864613771
0.7443913221
-0.9890294671
-0.2552937567
-0.7338940501
-0.3567269146
-0.3457445204
-0.3770852089
0.1259044111
-0.4449762702
-1.0014587641
0.1690456867
-0.0724373907
1.5764036179
-0.9825829268
1.2214944363
-0.2866382897
-0.8629227877
0.1542391181
0.1835119426
-0.2323840410
0.1587330103
-0.2733526230
0.0757519677
0.0506629013
-0.9409972429
-0.0965497568
-0.6020461321
-0.0681717917
0.2225688696
0.2350160629
0.2956474721
-0.0629943833
-0.7007400990
0.2521889210
0.4327087104
0.7626829743
0.0365382507
0.3402059376
-0.6960119605
0.1855753362
-0.1555247158
1.1481980085
0.4069594741
0.7119821310
0.5325203538
0.0300228912
0.2684339583
-1.1786806583
-0.5885124803
1.3915375471
0.6155870557
0.1740871072
-1.0057713985
-0.6581288576
-0.1422480643
1.3722625971
-0.5020632744
-1.1555867195
0.5314601064
-0.4445044696
0.7283215523
0.0690116733
0.1381839663
-0.5004058480
-2.0095167160
1.5304681063
0.4736943543
-0.8099475503
-0.3004741073
0.0620135665
1.5868874788
0.2550143898
-0.7811942697
-1.6243951321
-0.2244738489
0.1207995489
1.1470907927
1.1019210815
-0.7214115858
0.1481765807
-0.0828296840
0.0409712493
0.0237042308
-0.1763289869
0.1321103275
-0.1104422882
0.0666312873
-0.0705042928
0.2081212997
-0.0284956247
0.1708395183
-0.0321577489
-0.1726714075
-0.1747341752
0.0604761839
-0.1234196648
-0.0897515863
0.0225973725
0.0245691538
0.0337505639
0.0692942441
0.1984170973
0.0259751976
-0.1559010446
0.0678515732
-0.1332990974
0.1774011552
-0.0007394701
-0.1528724730
0.1236753166
-0.1356484592
0.5016813278
1.1713696718
0.5070465207
0.4635861218
0.3121880591
-0.8256316781
-0.5188109279
-2.2997689247
-0.5440467596
-0.0546554439
0.6043400168
-0.4683801532
0.6540728807
-0.9863421321
0.0588158704
0.1989044547
-0.4245383143
1.0953598022
1.4923324585
-0.8450388908
-0.7062072754
-0.5854031444
0.3847316206
1.4822804928
0.6435779333
-0.2579259872
-2.1815373898
1.4510704279
-0.5066683292
0.6853558421
0.8589308858
-0.0728642866
0.1716560870
0.6030598283
0.5360702276
-0.0988982320
-0.5451899171
0.4462143183
0.5699180365
0.1145332307
-0.1022989079
0.0317556448
0.0304075573
-0.9745528698
1.3444644213
0.0171938296
0.3410364091
0.3346970379
0.2194052786
0.5758984089
-0.0647943690
0.0852905139
0.7353546619
0.0276690293
-0.5364424586
-0.2617247701
-0.4875533283
-0.2660289109
-0.0177968908
0.5878880620
-0.0417607017
-0.0664591864
-0.3605546653
-0.2026565373
-0.0021692179
-0.3819816113
-2.6930451393
0.6223929524
1.9362816811
-0.8343586326
0.3438977897
-0.7100809216
-0.3724110126
0.6017966270
-1.2828537226
1.9175171852
-2.1905002594
-0.4798460901
0.2949237823
-0.6551115513
-0.0385029949
-0.0754095986
0.0765262917
0.0719602406
-0.3865098953
-0.6436299682
-0.9179341793
-1.0637810230
0.2686843574
-1.0565874577
0.6628369689
0.5023047924
-0.3975296617
2.2985205650
0.2574327886
1.3088558912
-0.1791935414
-0.3144910932
-0.4634524286
-0.0782845691
-0.4303439856
0.4390369654
0.7833546996
-0.2195475399
0.4735209346
-0.1861652583
-0.2872923315
-0.8132860661
-1.0923607349
0.8461977243
0.4063155353
0.1539987773
-0.1159854606
-0.1034054235
-0.0111024845
0.0318472162
0.6302663684
-0.0384369232
-0.2497314215
-0.5769122243
-0.6791030765
-0.5262082815
0.1479920745
0.6058167815
0.8145776391
0.0914624259
-0.1829397380
-0.2686438859
-0.7378308177
0.6096234918
0.0164656620
-0.7446532845
0.3434808254
-0.1913505644
0.4584370553
0.0168132670
1.0387508869
0.3502921164
-0.1767013520
1.0171101093
0.2295238674
-0.6734939814
-0.0888618454
-0.0118449861
-0.3086599112
0.4639656842
-0.6964947581
0.7593628168
-0.1169879511
0.0173274260
-0.1255894303
0.2980019450
-0.1730858833
0.4148134589
0.2572014332
0.2184040248
-0.2622769773
0.1678708792
-0.6275364161
0.5396997929
-0.0034489948
-0.6683583260
-0.2551373243
1.4656276703
-0.4281255603
0.6719630957
0.0357345603
-1.4909673929
-0.6888970137
-1.4037142992
0.2468741536
0.1054003090
0.0287421495
-0.2968139052
0.7288282514
-0.9919140339
1.6184632778
-0.1669921577
0.1520804018
0.4601571262
1.2158589363
0.2414860576
0.9076083899
-2.5931665897
0.4576358199
0.3901091814
-0.2254538834
-0.2656801343
1.4166448116
0.9860105515
0.7887551785
0.7866784930
-0.7653908730
0.1775098145
0.2048695087
-0.4256944656
0.4468814731
-0.1425891817
0.6670628190
-0.2842780948
0.1842166185
0.3631099463
-0.1380667239
0.0328294113
-0.4097032249
0.3754848242
0.1282373667
0.5150855780
-0.2579803169
0.4464348853
0.9376670718
0.4900481403
-0.1359457821
-0.1589234769
0.1191647798
0.1766006947
-0.0987043306
0.6128757596
0.8445726633
0.2440924346
-0.6085018516
0.5305262804
-1.0620131493
-0.5182150602
1.1642818451
0.8472996354
-0.3431296349
0.9580069780
0.3971508741
0.1571254581
-0.3043189049
1.0814116001
-1.1476598978
-0.5819336176
-0.5436221957
-1.7580522299
-1.1118307114
0.1475343257
0.6654878259
-0.3037011027
0.4212607443
0.6806920171
0.9373202324
-0.9514143467
-1.0527734756
0.3354311883
1.1810913086
0.9904290438
-0.3711297810
0.1882636547
-0.9762166142
0.9710389376
-0.2995939255
-0.1543692499
0.3159589469
0.1865070462
-0.0640815198
0.0886692107
-0.1991378516
0.1159368157
-0.0948214829
-0.0934610516
-0.0936170071
0.2306157649
0.0937607288
0.0092133582
0.1026634872
0.0846926570
0.1316366792
-0.0679738969
-0.0605423301
0.1574921310
-0.0368264616
0.1844891012
-0.0705940425
-0.1781181693
0.1061259806
0.0297343433
0.1093834937
0.1491011977
-0.0379760861
-0.0713641346
-0.1428388655
0.1784713268
-0.0300942063
-0.2026794255
0.0832161605
0.0156974196
1.4872479439
0.6291144490
0.1785118878
1.0690678358
0.1960290521
0.1506991833
-0.4142671824
0.9648941159
1.1918386221
-0.6461214423
-0.3388838768
-0.9200448990
0.5393871665
-1.0556378365
1.1213791370
-0.6691675782
0.5364508033
-1.0224908590
-0.9217425585
-0.5920382738
-0.9038479924
0.5395401120
0.0382753350
1.0418757200
-0.4672316909
0.6361019015
-0.6362966895
-0.0091494946
-0.2054806948
-0.5215284228
0.4628734589
1.7049933672
-0.5763161182
0.1826149821
0.4635298252
-0.1403772086
0.9500975609
-0.1692444533
0.5094286799
-0.2733810544
-0.3994028866
0.9571793675
0.0950838998
1.1224185228
0.7433699965
-0.4922650456
0.4604548514
-0.1468193680
-0.0455233306
-0.1694604754
-0.1730829775
0.1600145698
0.0882480741
-0.2761681378
-0.3999242485
0.1378488839
-0.8583196402
0.6135367155
0.5445821881
0.3200488389
-0.0122402832
0.7757145762
0.4811769724
0.3445222378
-0.1775321066
0.8963685036
0.0864231065
1.3595455885
-1.2777388096
0.8005806804
1.1965420246
-2.0708267689
1.0698506832
-0.6416959167
0.1879605949
-0.7768905759
-1.7639760971
0.4597454369
0.2651232481
-1.1000158787
-0.3673424125
0.4973425865
0.0123119829
0.0632614344
0.9320080280
0.5109275579
1.1975533962
-2.3621506691
-0.2896039784
1.1687631607
-0.7788237929
-0.4089773893
1.1183742285
0.5567014217
0.0756831914
0.7174322605
-0.3289884925
-0.0362524167
0.5457218885
-0.7091083527
0.5887331963
-0.3390552402
1.0261085033
-0.3434824944
-1.0240459442
0.0731063634
-0.1015631706
0.4974413216
-0.0179559067
0.8693400025
0.2991363108
-0.0961736143
-0.0312774107
-0.0806487873
0.3935867548
-0.2462690324
0.0213900469
-0.1273000389
0.0483900756
0.3380564749
-0.1982700676
0.7485505342
0.9553160667
-0.4462261498
0.0361872055
0.5624361038
0.3638797998
-0.9612450600
-0.3425154686
-0.6112589836
-0.0805299208
0.0317360461
-0.2848602533
0.2801530361
-0.1044945642
0.0517908670
0.1762012988
-0.5467594266
-0.0511520691
0.6216196418
0.1455399245
-1.2797251940
-0.0381687209
-0.6918513179
-0.2348324358
0.9051567912
0.5609552860
0.5718839169
0.7149009109
-0.1451425105
0.1649295092
-0.6570346951
-0.3194854558
-0.2252686620
-0.7137444615
0.3766045272
0.5317412019
0.5341324806
0.3174944520
0.6509110332
-0.0075055636
1.2566041946
0.6120905876
0.7340483665
1.2870709896
-0.2597595155
0.7351198196
-1.0814689398
-0.3276464939
1.3812626600
-0.9142088294
-0.0829822496
-1.0377331972
0.4472109973
0.9633110166
0.0830572471
-1.0094898939
-0.3861863613
0.5247220993
0.3871789277
-0.1549380273
-0.4846121073
0.2165651023
-0.8143344522
0.3094150424
-0.9280349016
1.6009280682
0.2203973383
0.4184971452
0.5178534389
-2.4704577923
-1.2572953701
0.2882958949
0.0793453231
0.3627509177
-0.5131372213
-0.1186367348
0.5406743288
0.1107532755
-0.1294141412
0.8421695232
-0.5043261647
-0.0644200444
0.4802676737
-0.4139865637
0.1325851381
-0.0226532780
0.1730390489
-0.0273193661
0.1848057061
0.5243361592
-0.7867047787
0.3821462691
-0.1628942490
0.3172020912
-0.6596931815
-0.5703337789
-0.0438113958
-0.5672425628
0.2425204962
-1.4533617496
0.2934710979
0.6920424104
-0.1531069726
0.8275328279
0.2252645791
0.3102043569
0.1964208037
0.0869469494
1.2436503172
-0.2052704841
-2.5930402279
1.0485213995
-0.3333990872
-0.2769100964
-1.5663909912
0.3727679551
0.2984431088
0.4655495584
1.6834617853
-0.5152239203
-2.4632599354
-1.5165745020
-0.2840201259
-0.7194512486
-0.2985250056
-0.4895145893
1.5741814375
-0.2515588105
-0.4713223279
0.8023039103
0.4072409868
-0.1569255292
0.0340114199
0.2180357128
-0.1099902019
-0.1808813661
0.0675386190
-0.0184407383
-0.0690131038
0.0936290324
0.0342578888
0.1808832586
0.0664737523
0.1318211257
-0.2139530927
-0.2051679939
0.0979761779
-0.1304238141
0.2114764452
0.1686603725
0.1151460707
0.1900746822
0.0142428875
-0.1940774173
-0.1184374690
-0.0880040973
-0.1754769236
-0.0561411828
0.1335807443
-0.0872856826
0.1718474925
0.0907600522
-0.0168675929
0.2252173424
-0.1115091071
-0.2051412612
-0.1767944843
-1.0361737013
-0.5397629738
0.4728818834
0.5924041271
-0.8511464596
1.2156258821
-0.1273120791
-0.2822191119
-1.0381069183
0.1191003993
-0.7487824559
-1.0604449511
0.1717043370
-1.0535053015
0.2972778082
1.3502937555
-0.7687576413
0.8624657989
-1.1639591455
0.2709778547
-0.8503918052
-0.5416773558
-0.7935730219
1.8571909666
-0.2956788242
-0.3408715725
0.7950000763
0.5128501058
1.7700622082
-0.3734331429
0.2942571342
0.7072436213
-0.1718047857
0.5839429498
-0.0102774613
0.4612610340
-0.6282250881
-0.8097981215
-0.1503454745
0.3087347150
0.2370518148
-0.3194023073
-0.2013701797
0.3523598313
-0.4920461178
-0.0843746513
0.1715178192
-0.6156883836
0.2594898045
0.8691073060
-0.0398145691
-0.2039147764
0.6279075146
-0.2949580848
-0.0668747351
-0.6598973274
0.1027502269
-0.4933247864
-0.8549888134
0.7368955612
0.9608038068
0.7127653956
0.4272503853
0.0464477539
0.2926705182
-0.0882882923
0.8320649266
0.0591034256
1.4661258459
0.8241844773
3.0417652130
-0.9817853570
-1.3873077631
0.1485321820
-0.5988165140
0.7323277593
-0.4533295631
-0.4974497855
0.8729578853
-1.3599987030
-0.6962322593
-0.0754961371
0.5303364992
0.4720221460
0.1690728217
-0.1693272740
-0.1988696903
-0.1416751444
0.8019235730
-1.0227373838
1.5898679495
0.8616697788
0.0867003202
-0.4391055107
-0.5749193430
-1.4739395380
0.2997305691
0.9828564525
-0.1114076450
0.0925644785
-0.1441660076
-1.1527757645
-0.8626642823
-0.1677639782
0.5898773074
-0.1450940669
-0.1757076681
-0.2010055482
0.1417045593
1.3376843929
-0.1294500530
0.2257310748
-0.0636755601
0.1017802879
-0.1347816736
0.1039257497
0.5791660547
-0.3089621365
0.6781744361
-0.7366378307
-0.5263400078
-0.4978812039
-0.4222712815
0.3864203691
-1.0341268778
1.0926907063
0.1545420438
-0.2348115593
-0.9612809420
-0.4641335607
0.1893732846
0.6580512524
0.2330029011
0.8219133019
0.0426793136
-0.0715577602
0.3002636135
-0.3636424541
0.2936388850
0.0120862117
0.2817431390
-0.3096945286
0.3499794304
0.8544910550
-0.2691048980
0.3002227545
0.1945588291
-0.9592245221
-0.5607478023
-0.3775209785
-0.0481176414
0.3466725051
-0.5386945605
-0.3704682887
0.2631732523
-0.2881674170
0.5712376237
-0.1607472003
0.0313334279
0.6949122548
0.9849258065
0.8434312344
-0.3467000425
-0.0179628413
-0.8123338819
-0.8638986349
-0.2828408778
-0.5409588814
-0.2284913212
-0.0096473256
1.2446573973
-1.1851925850
1.5003265142
0.9915606976
-0.0763499439
0.7369337082
0.0153107326
0.5127746463
-0.6537150741
1.3330526352
1.8417373896
0.8786120415
-0.3194119036
-0.2054227442
-0.2628666759
0.6876607537
-1.0635156631
-0.3456420898
-0.4229621589
1.3227155209
-0.2267823070
-0.4574087858
-1.0224702358
0.2629243433
0.0555298813
0.4793780744
-0.1242940873
-0.3136051595
-0.4838839471
0.1406722814
0.7486664653
-0.4086320400
0.4743780792
0.5463400483
-0.3815917075
-0.2020926476
0.5428800583
0.3644822240
-0.1076998785
-0.4244323671
0.6851300597
-0.6542143226
-0.7223940492
-0.1567699313
0.8600174785
0.7103140950
-0.1736464351
-0.2004453689
-0.1017764360
0.0495677032
0.2488533407
0.2466737479
0.3022844791
-0.7003616095
0.2460890412
0.5258489847
-0.3496994376
-1.8273404837
0.8219138384
-1.3388947248
0.9179570675
0.4958676398
-1.3987981081
0.2677731514
0.0410232879
0.4571396410
-0.6146574616
-0.0331732184
0.2288071066
-1.6000759602
-0.5647616386
0.1924291104
0.2756797671
0.2596056461
-0.3887042999
0.3478507996
-0.5266301036
-0.1040389314
-0.2169159055
-0.8892335892
0.4477068484
0.1978822201
0.7856094837
0.5563527346
0.4493355155
-1.1436285973
-0.0711674169
0.2138537169
0.0414988995
-0.0582337491
0.0151135866
0.0457039922
0.2685290873
-0.0434545018
0.1077412814
-0.2860578597
-0.1546061486
-0.2649713457
0.1458738446
0.1083260328
0.6349839568
0.1563086808
-0.2240317315
0.3735851645
0.2114716321
-0.2030027360
0.0764765441
-0.3879405558
-0.0258479733
0.2305958420
-0.4080669284
0.2186640352
0.0574438125
-0.0921283066
0.0164307766
0.5129464269
0.0605859272
0.3537436724
0.4473960400
-0.3495685160
0.1190261021
-0.7263252139
1.5506337881
0.1099883839
0.3874397576
0.1249041557
-0.9920355678
0.8640720844
0.0155818751
1.0008469820
-0.8055121899
0.4266137481
0.2066556066
-0.5848871469
-0.3294613957
-0.0640656054
-0.3262907267
0.5823413134
-0.3088196814
0.2093300819
-1.6243785620
-1.1102900505
-1.2033097744
-0.8955391049
0.3095374107
-0.0994259566
0.1470805556
0.6192007661
0.5723507404
0.6580589414
0.9017493725
-0.4602193534
0.2149940580
0.7481791377
0.4207403660
0.7038187981
-0.2464932948
0.1371645331
0.9916608930
-0.5838423371
0.3365741074
-0.7030783296
0.2248939276
-0.5678212643
0.4003631175
0.5986608267
-0.0178898647
-0.5137521029
-0.0435668156
0.2637303770
-0.5269761682
0.0411592983
0.0869349390
0.3541023731
-0.0252051093
-0.2381664813
-0.1086118743
-0.5145696402
-0.5357088447
-0.1209938675
-0.2025047690
0.9617617130
-0.7637019157
-0.0282844566
0.5643383265
0.1229315624
-1.4883977175
-0.7611683011
0.7955000997
0.8607159257
0.5618582368
0.1524379402
-0.4877839088
-0.1189779639
-0.7642077208
0.9590924382
0.7787778378
0.4100980759
-0.1107824966
0.5899456739
-0.3913592398
-0.6486501098
1.8236993551
-0.4311724007
-0.9399302602
-0.2213997990
-0.1010481939
0.6648153067
-1.1172293425
-1.0876880884
1.6143409014
0.8392729759
0.6073087454
-0.6787800193
0.6105744243
0.6418349743
0.2430757582
0.3818729818
0.0763953775
-0.2200851887
-0.3746953607
0.1039205566
-0.0102396477
-0.7805257440
0.2016101778
-0.5439587235
-0.0440643467
-0.5563788414
-0.0616660602
0.1121407896
-0.1659227014
0.4187081158
0.5791229010
0.3739600480
-0.9792913795
-0.2203854769
0.6083499789
0.5996601582
0.6928458214
-0.0500581376
-0.2275465578
-2.6752939224
-0.5505272150
0.4170939028
-0.0838289261
0.1006184816
-0.0697835907
0.7657390237
-0.5586475134
-0.9817494154
0.2295187116
0.7885249853
-1.3655921221
2.2648546696
0.3073184490
0.7950371504
-0.1074226722
0.1857799292
0.3127920926
0.8219149709
0.0911490843
0.7443323135
-0.6786361933
0.1636863649
-0.2686006427
-0.4574964643
-0.1463116109
0.1083160117
0.0581049211
0.1189723685
1.2521004677
0.1774420887
-0.1088212132
-0.2835724652
0.3414314389
-0.3502292335
0.1836678982
-0.0471365303
-0.0347999558
-0.2807167172
-0.4810567796
-0.0937760547
0.6098935604
-0.8814264536
-1.1140028238
0.2556236088
0.0317614824
0.8512247801
-0.0146456584
0.0444335528
-0.0244954545
0.3977523148
-1.3285273314
-0.1284974068
0.7683817744
0.3380200267
-0.4277763069
-0.4551871121
0.7022320032
1.0035314560
0.2053580731
0.0792028233
0.5251736641
0.2601002753
-0.1126100048
-0.2551985979
-0.0071210708
-1.6397129297
-0.1051547974
-0.6442061663
-0.1463782489
-0.5692539811
-1.7518428564
0.3949164450
0.4141222537
0.2607355714
-1.5506099463
0.0350865647
-0.1126204729
1.0438081026
-0.5032566786
-0.3559730947
0.3083380461
0.4087086022
-1.3269444704
-0.3724650145
0.6876994967
0.0862673298
-0.2568124831
-0.6075471640
0.5928098559
1.1253858805
-1.0443552732
-0.0087642791
0.5154218674
0.3483785987
-0.1446558237
-1.1560556889
-0.0456401519
-1.3176004887
-0.3270975947
-0.4715494215
-0.0588504747
0.9902592301
-1.3407549858
-1.0472894907
0.6160476208
0.6478406191
-1.2871592045
0.3972653151
0.0370625369
0.1036961079
0.7793419361
0.4751014113
0.1010240838
0.5962968469
-0.0475440323
0.4728220999
-1.0131429434
-0.0314917602
-0.3313429952
-0.1153301001
0.3092560172
0.7041030526
-0.4494344592
0.2931249142
1.2233083248
0.7029543519
-0.3365533948
-0.2460170090
0.8183506727
-0.4782363474
-0.0861264393
0.0365856588
0.7384336591
-1.2083048820
-0.1366747022
0.0344488360
-0.7600646019
-0.3487213254
-0.3862489760
-0.4264513850
-0.4800304770
0.9237872958
-0.2218261957
0.5275031924
0.1500454247
0.2302238345
-0.4585185647
0.1464450955
1.8304492235
-0.5574951768
-0.1924618334
0.3197426200
0.0913069323
-1.9802523851
0.2092382908
0.3158743083
1.4953920841
-0.3027929366
-0.0275650602
-0.1693032980
-0.0835555270
-0.8949486613
-0.2325509191
-0.0402310528
1.0371491909
-0.6481472254
-0.5851870775
-0.2061087787
0.1867158711
0.6982312799
-0.7341883779
-0.3189005256
0.3215190470
0.1508595049
0.3004882038
0.1207356676
0.2715034187
0.3450843990
-0.7937853932
-0.8094262481
0.9218516946
-0.4522387981
-0.2190715075
-0.0061806985
0.0270160194
0.5111198425
-0.8740357757
0.0831872001
1.2955291271
-0.0573375970
0.0554959401
-0.1683580130
-0.2750013769
-0.5642496347
-0.1251713783
-1.0804460049
0.8655058146
-0.4176642597
-0.0807368010
-0.3195874095
0.7192121744
0.4420102239
-0.9318709970
-0.1568353176
-0.1969970018
0.2164924145
1.0588421822
-0.1956486404
0.1598534584
0.2875652611
-0.6291191578
-0.3809247017
0.9038595557
0.5544562936
-0.3895303011
0.1577788889
0.5684725642
0.3456724584
-0.1625019014
0.1736189723
0.7991069555
-0.4027462006
0.0779450983
0.1888000667
0.0589072518
-0.7679004669
-0.4226241112
-0.8086453676
0.9583581090
-1.0604120493
-0.2366747111
0.3556103706
-0.9090943933
0.7948526740
0.1448675394
-0.2634838223
-0.1638025790
0.9739711881
0.0717677772
0.3413811922
0.1185443923
0.2530850470
-0.5553253293
-0.9052036405
-0.1436959058
-0.3198655844
-0.1180481389
0.3982912898
-0.1933597475
-2.6897602081
0.3599461317
0.1647628993
0.5973151922
-0.4569036961
0.3994176984
0.1254708171
0.0785441697
-1.0553766489
0.1337268651
-0.1448362172
-0.1386845410
0.1050456464
-0.0064140260
0.0384290516
0.2130900025
-0.1642574966
0.1879562140
0.2162834704
0.1414594352
0.0185514987
-0.0087438971
0.0877289772
0.1423802078
-0.1204479411
0.1586699188
-0.1321021914
0.0370200574
-0.0112921000
-0.0850441754
0.2220543027
0.0394833982
-0.2262194604
0.1028904319
0.1214301288
0.0936728120
0.0421553254
0.1519503593
-0.1454255879
0.1273237467
0.1632106006
0.1563724577
0.0398345292
-0.0404082388
-0.0571183972
0.5152198076
-2.3616359234
-0.1933721155
0.0630310550
-0.4746216536
0.2686383724
-0.2100326121
0.9492773414
-1.2325180769
-0.3060331941
0.1050349027
0.3847501576
-0.4281952679
0.6936750412
-0.1587661803
-0.1156338453
0.2302682549
0.1062162742
0.2282977253
-0.4832288027
0.5741971135
0.2264864147
0.6609966159
-0.3422053158
-0.2239062488
-0.4323758483
-0.1345316321
0.0767781138
0.5953137279
0.2354194820
-0.0762779638
0.1870834380
-1.6222664118
-1.5437093973
0.0187030323
-0.4753510356
-0.7893298268
-0.7747472525
-0.0084809661
0.4940955937
-0.4943637550
-0.2755457759
-0.7184647322
0.2254053801
-0.6176033020
0.4793033004
-0.0873189345
-0.2748665512
0.2395350486
0.2210132331
0.4168711901
-0.2538162768
0.5018371940
-0.0486192890
0.6852411628
-0.5221899152
-0.2860613465
-1.1360096931
0.4001983702
-0.1673102081
0.3173890412
0.4318241775
0.2011231631
-0.6450358629
0.2595444620
0.4234420359
0.3340582252
-0.1931494623
1.2881786823
-0.1425106227
0.3315247595
0.7676523924
-0.1895329952
-0.6518003941
0.1085675955
-0.0220091697
-1.6129616499
-0.1593943387
0.7745109200
-0.2936010659
-0.1150264144
-0.3227648139
0.0821558982
-0.5673623681
1.0664182901
0.3259707689
-0.7473119497
-0.1817122698
0.4151455760
0.2486185879
0.1426145881
0.3873961866
0.1332005113
-0.1771548092
-0.7617956400
0.9067721367
-0.6065028310
0.1929069310
-0.1814201325
0.3964799047
0.1030199826
0.5247054100
-0.7520756721
0.7318560481
0.6299411058
0.1668138802
-0.2451124787
0.1207499728
-0.6292216182
0.3350697160
1.9480276108
-0.6719971299
-0.3784491420
0.0689490587
-0.0256439559
1.4240697622
0.7351800799
-0.0777052641
0.9144266844
-0.2660547495
-0.1099235415
-0.0937026590
-0.6614422798
-0.6148790717
0.3309070766
0.3460444212
-0.9993104339
0.1333225518
0.5696309209
-0.0830194727
0.2748973072
0.0380761735
-0.0866116807
0.4068443775
0.3525283039
0.8870098591
0.2196705639
-0.3327642083
-0.0014961965
0.2419795245
-0.3557504117
-0.1368411183
0.6073733568
-0.1285793483
-0.4195425808
-0.1624774337
0.3302060664
1.4042234421
0.4028673470
-0.2263713777
0.4320160747
-0.1942221224
-0.0247322656
0.0111545781
-0.4276468158
-0.9164372683
-0.0464240164
-0.2474693805
-0.9081054926
-0.1673015803
-0.5636907220
0.0014108996
-0.2443580776
0.5016139150
-0.1315066069
0.2347627431
-0.0664369538
0.6529760361
-0.2330717146
-0.0266176146
0.0926299095
-0.0777985379
-0.5761268139
-0.3174783885
0.5477070212
0.1988579333
-0.3645151854
-0.2749348283
-0.0623156056
1.3725826740
-0.2352162451
-0.1780915409
0.6276828647
-0.2120404094
-0.1949523538
0.3159401715
-0.7091627121
-0.7636261582
-0.0362692252
-0.1355790049
-0.7682352066
1.2485407591
0.2253945768
0.3924301863
0.0153058348
1.0311477184
0.7127320170
0.8595592976
-1.2548629045
0.7574398518
0.4057984948
0.0017189442
-0.2851550877
0.0427314006
-0.9346057773
0.1509567648
-0.2164571881
-1.1170786619
-0.5313795209
0.1747954339
-0.2439012825
1.5432671309
1.5262087584
-0.0084231701
-0.4799432755
-0.0552970134
0.0621504150
0.2982538640
-0.8414264917
-0.4776313305
0.4417948723
0.4258427322
-0.0862078294
0.1535348892
0.1070199832
0.8625980020
-0.6158038378
0.4428035915
-0.4490864277
-0.6136738658
-0.6035398841
0.4537902772
-0.4462103248
0.9101865888
-0.5373413563
0.1371465027
1.9715905190
-0.4165160060
-0.8803749681
-0.6611987948
-0.6138825417
0.0744285583
0.3950389028
-0.2969117761
0.3597509861
0.0534098223
0.0797054917
-0.2571214736
0.3575665057
-0.1379763037
-1.0984541178
-0.4686837196
-0.4022920132
-0.3928767741
0.0921278745
0.5357001424
-0.3467456102
-1.2174834013
0.0203929432
0.4761866629
-0.6249351501
-1.4071326256
-0.6859034300
0.6651880145
-0.1991256177
0.5814036727
-0.0547536798
0.0750292987
0.1715195030
0.4621615410
-0.4522853792
-0.8659884334
-0.5252479315
0.5710483789
0.9291020632
-0.1415096223
0.3170194030
0.0824600980
1.1346203089
-0.5673062205
-0.2045654953
-0.2645456493
-0.0809326842
-1.3791085482
0.1650413126
-0.1069603637
0.0922204256
0.4860173166
0.2300179601
-1.8307218552
-0.3248568475
0.2890073955
-0.5695361495
0.0987382457
-0.4969198108
0.9523272514
-0.8622004390
0.5611251593
0.0968863145
0.6372619271
0.1855487227
0.6558620334
-0.7536011338
-0.8832127452
-0.7729183435
0.4028222859
0.7818948030
-0.3198812008
0.6947392225
0.1391769797
1.1633532047
-0.3757702708
-0.0004994796
0.2462353110
-0.3760648072
-1.2585389614
0.3151330948
-0.0302635115
0.1123925373
0.3870250285
-0.3552342653
1.3683283329
0.0232787095
1.5884617567
-0.6887336969
-0.5724314451
-1.4722828865
0.9734657407
-0.4531692863
0.9318618178
-0.2353351563
0.1942217201
0.1471556574
-1.4109787941
-0.0993562862
-0.5674483180
-0.6945534945
0.3784595728
0.9975767732
-0.3088792562
0.6876885295
0.2763757408
0.2108446360
-0.3524513543
0.3053411245
-0.4458749592
-1.1413863897
-1.5833115578
-0.2191294134
-0.5591256022
-0.0243778434
0.0566018932
-2.0141329765
-1.0726821423
0.6693295240
0.7877351642
-0.9905564189
0.1092716008
-0.3544624448
0.5821287036
0.8835955262
0.0779317096
-0.4217886627
-0.1593592316
-0.6478215456
1.2185578346
0.1972379982
0.1265091747
-0.7568625212
0.9183455706
0.1736021042
1.3740472794
0.0871884748
0.0501051545
1.6568567753
-0.2166490704
-0.6326338053
-0.3198729157
0.6189768910
-0.2245226055
0.6073580384
-0.9523317218
0.1010550037
-0.6900708675
-0.0087638861
-0.2070733607
0.7974146605
-0.7766034603
-0.9482337832
0.4357621074
-0.0294538718
0.2839489281
-0.1129485741
0.2131395340
0.0060870536
-0.1493353248
-0.3830692768
1.4596189260
-0.0870216489
0.2720483243
-0.6946131587
0.1280175745
0.3679855764
0.9280950427
-0.2382248640
-0.2199571133
0.3449164927
0.2030394971
-0.7912771106
-0.2374297529
0.1625721604
-0.9215651751
0.0046483986
-0.8669987917
0.2545508444
-0.9005544186
-1.6869616508
0.0765924752
0.3545295894
0.4645730555
-0.6035313010
0.4551944733
-0.1702109575
-0.0186504275
-0.3196019828
0.2407952547
-0.1352318525
-0.1581588984
-0.7586573362
0.6619018316
0.3597354591
0.4046171010
-0.7604697347
0.3303317130
0.0496026352
1.0998867750
-0.6333373189
0.2294514179
0.7778588533
0.4992843270
-0.2501957715
0.1956183016
0.0680833161
-0.2214940041
0.0070636938
-1.6542946100
-0.1184751168
-0.3720068336
-0.3666526973
-1.0163989067
0.6100043654
0.4887923300
-0.7066233158
2.0322778225
0.1209694743
0.8636851907
-0.2142302245
0.0971913263
0.2840744257
0.4882122278
0.1319337040
0.9790286422
0.0278058872
0.2667790055
-0.6465041637
0.2175356448
0.2903231084
0.0586124025
0.3524842858
0.1188293919
1.8539234400
-0.0121611636
-0.6784530878
-0.2946856618
0.5463265777
-0.2759850025
0.9555739164
-0.9530339837
0.0477635153
0.2478254288
0.1452778131
0.0521325320
0.1282061338
-0.0978385732
0.2514611185
-0.2049611360
0.1946008503
-0.2119913697
0.0181352366
-0.0409427248
-0.0277996305
0.0078942375
0.4482090175
0.0223647710
-0.2427912056
0.1606881171
0.2225695401
0.0168744382
0.0439310148
-0.2609132230
0.0237788036
0.0234279875
-0.2998723090
0.0121292053
0.0909034163
-0.1024486795
0.1642395109
0.5673417449
0.0457699373
0.2150940299
-0.4822615385
1.0339508057
0.1163731590
0.7064298987
0.7113226056
-0.2383181006
-0.7482816577
0.2011185884
0.2688221037
-0.3881290555
0.2703167796
0.5239434838
-0.1514809579
-0.3775255084
-0.7334560752
0.1604519337
-1.0431716442
-0.2294620723
0.3280408978
1.4218989611
0.5415396094
-0.2680603564
-0.0656637475
0.5175973773
0.0752004161
0.4133436680
0.1862932891
-0.3998050094
-0.0058369031
0.0233485401
0.3785425723
-0.2147092968
-0.0813433006
0.4521992505
0.4681186080
0.0903839469
-0.4483918250
-0.4893778265
-0.0928293765
0.7613330483
0.0650571585
-0.2484356165
0.2764037549
-0.3968778253
0.0022513159
0.2415749431
0.1177060083
1.0128329992
-0.3728049695
0.0525157675
0.0555224046
-1.9767677784
0.1376692653
-2.0124473572
-0.8066124916
-0.0167452544
0.9778857827
-0.6493654847
0.4290942848
0.0794230327
-0.0486396663
0.1340370774
-0.7389822602
0.2788679600
-0.3297863305
-0.4649123847
-0.0471224412
0.0412916392
-0.9931970239
0.3995034099
-0.1346009672
0.0907087401
-0.0330873430
0.6193337440
0.1822153330
-0.3123347759
0.2279119939
-0.1783249080
-0.5649076700
-0.7369757891
-0.2297583669
0.3233012557
-0.9278479815
0.3124065697
0.4694258273
0.0009213390
0.0775602311
0.6934854984
0.6345757842
-0.5324543118
-0.2462629527
-0.7418288589
-0.3455210030
-0.0555376895
-0.4091244638
-0.0288552940
-0.3852527142
0.5799427032
0.0380719043
0.3732824624
0.2212428004
-0.8327046037
0.6332348585
-0.2667613029
0.5132473707
0.9154899716
0.2768334150
1.0202883482
0.1873707175
0.9143689275
-1.7448157072
0.0011437642
0.4503680766
-0.8965523839
-1.9221732616
-0.5049694777
0.7758018970
-0.3203009963
0.0928304046
0.2909719050
-0.1076022014
-0.1595218331
-0.7253820300
-0.3101191521
-0.0721515194
0.8573530316
-0.2097921371
1.0225788355
-1.0372525454
0.1789807528
-0.2217729241
0.3947006464
-0.4088529646
0.5383076072
0.3906218410
-0.7122108936
-1.3777737617
-0.1543852538
-0.4147940278
-0.0585194379
-0.3834000826
-0.1088101342
-0.0376863480
-1.0484275818
0.4805519283
0.3895048499
0.1929825991
-0.0659245327
-0.2971903384
-1.2256013155
0.3353557885
0.3083103001
0.9771136642
-0.2476037294
0.5648138523
0.0219619032
1.1659569740
-1.2076131105
0.1602842063
-0.0050838501
0.9016287923
0.6120419502
-0.6803852916
0.0925817564
0.7103222013
0.7007907629
0.1734795570
-1.6096363068
-0.1229634210
-0.0401327461
1.0646940470
-0.9039126635
0.1921008080
0.2272965759
-0.7724210620
-0.0023236619
-0.2505259812
-0.1853599846
-1.1841151714
-0.7051542401
-0.4740642607
-0.0074265474
0.6048363447
-0.0570942014
0.1263481677
0.5541124940
0.3851759136
0.0467134640
-0.4380065501
0.6156058908
-0.0772076994
-0.3065356314
-0.2814040184
1.1062973738
-0.8798490763
0.5465201139
0.8955207467
-0.0292905197
0.3851040304
-0.3823324442
0.5577649474
-1.6367477179
-1.6722350121
0.0272614770
-0.5302320123
-0.4592730701
-0.1656394601
0.5611608028
0.1080900282
-0.0766050816
-0.1271352023
-1.5705674887
-1.1810131073
0.1226807758
0.2090233713
0.4801484048
-0.1027283892
-0.0893038437
0.7071839571
-0.5943329930
0.2037835717
0.2735498846
0.1382533908
0.1864747554
-0.8491958976
-0.6723830104
-0.2531558573
-0.6183254719
0.4614723921
-0.6966319680
0.0171767492
0.0959453732
0.1766122282
-3.2010729313
-0.1196242943
0.3269698918
0.0738129616
-0.6555187702
-0.3521786332
-0.1866987199
-0.7301754355
0.2445023805
1.1180475950
0.5022241473
0.2801194787
-0.0899368748
-0.2462711334
0.8049293756
-0.1869465113
-0.5799508691
0.6842896938
-0.7308731675
-0.1570251882
0.2758010030
-0.3872367442
-0.5715435147
-0.2672911882
0.5467926860
0.7209138870
0.1222277880
0.3309414983
0.5936592817
-0.7539529204
-0.6211191416
0.2766276598
0.1846702844
-0.5307005048
-0.8589245677
0.0708631203
-0.0201628003
-0.8061782718
0.5343900919
-0.5796734691
0.0462823138
0.7390432954
0.8826622963
-1.1869444847
0.6930739880
0.2208301425
0.4354524314
0.4020164609
0.4573970139
-0.4654503763
0.3176643848
-0.0008842560
0.6321349740
-0.5452076793
-0.7064530849
0.3045604229
0.2009620965
-0.0653737336
0.5486850739
-0.6747954488
0.5091758966
0.6313816309
0.0338895172
-0.5703884959
0.6617691517
0.0101537611
-0.0316665955
-0.2017200291
-0.3885216117
-0.4624259770
0.3365195990
-0.2327693403
0.1198581234
-0.3602831960
0.4424467087
-0.3016698956
0.8711260557
0.8563796282
-1.0491904020
-1.4035578966
-0.6419349313
0.0250851456
-0.0870550424
0.5870245695
-0.3848518133
-1.4472852945
1.1996650696
-0.1895988435
-0.7271757126
-0.1189102083
-0.0836905017
0.2002977580
0.0895314962
-0.2429656684
0.0016821015
-0.0818405002
-0.1733476073
-0.0924341083
-0.0393452048
0.2211167365
0.0211889911
0.7195475101
-0.5654004812
-0.1972458959
-0.0763482675
-0.5382858515
0.1001641750
0.5851885080
0.7866958976
0.2806276679
0.2426203787
0.0735901594
0.0727296472
-0.6553096771
-1.1356968880
-0.0640683323
0.1298449337
0.1685669422
0.0168791264
-0.2400363237
0.9533875585
0.2438455820
0.4412775636
-1.4866451025
-0.5385602117
0.0684541017
-0.2618052661
-0.0219278131
-1.0502486229
1.0802073479
-0.7299418449
-0.0338089652
-0.7978878021
-0.2980490923
0.2047122270
-0.5858694315
-0.7141893506
-0.2615385950
-0.3014374673
-1.0411044359
-0.1836489588
0.5163781047
0.0581735820
0.1882298291
0.5393064618
-0.5629755855
0.1955101639
0.4532688558
-0.4803276956
0.7309367061
-1.0572723150
-0.7915535569
0.7394322157
-0.1402811110
0.5390095115
1.4158892632
0.8122186661
-0.1205249131
0.2086239904
-0.2379581630
-0.3014935255
-0.0236959048
0.0014650975
0.1248228103
0.5865214467
-1.7549028397
-0.2183276564
0.3033117652
-0.2039787918
0.2344134301
0.4687276483
0.1225193962
0.8428926468
0.4387550950
0.8357425928
-0.3062961996
0.1539254338
-0.9682133198
-0.0483072586
-0.0514820963
-0.4435347915
-0.5551938415
0.2232122570
-0.2866776586
0.4771802425
-0.3778881431
0.3369794190
1.0199965239
0.5879530311
-0.0629584119
0.6344100833
-0.2400697470
-0.0162855238
0.2302152961
-0.9819195867
-0.2232366651
0.1549087018
-1.2954635620
0.6902711391
-0.7912542224
-0.1588289440
-0.0448077582
-0.0725118369
-0.8382023573
-0.1789294928
0.0422660112
-0.2258170992
0.1094831824
0.6839199066
-0.2214343846
0.1635355204
-0.0349362232
0.0164334700
0.4834066331
0.1305324435
-0.2679575384
0.1141696423
-0.5648553371
0.3126660287
0.2054169178
0.1857969910
-1.5159783363
0.5404837728
-0.3628312945
-0.0255080424
-0.0465562679
0.4261587560
1.0759967566
0.5050260425
-0.8952236772
-0.2912065685
0.1860744655
-0.0697589591
0.2000409514
0.0095582400
-2.0514047146
0.0564904399
-1.1781032085
-0.9997416139
-0.0587499291
-0.1765360236
0.1506894976
0.4321379364
0.1593537033
0.8170554638
-0.3275303841
-2.3323121071
-0.5038023591
0.7576653361
-0.3013800085
0.5300209522
-0.1297061890
-0.4337987304
-0.3376761079
-0.8631394506
0.2322653830
0.4759148359
0.1340789497
0.6067174673
-0.7376343608
0.2051794082
-0.5316765904
-0.0079534426
-0.3836091757
-0.1606662720
-2.2212402821
-0.6066454053
-0.3213534057
-0.0585015379
-0.1980619580
-0.5286675692
-0.3155784309
1.0030409098
-0.1196755022
-0.1125827953
-0.0718083903
-0.2336538285
-0.2192466706
-0.5018537045
0.2383026630
-0.4934738576
-0.6560662985
0.5099917650
-0.0341136456
-0.8537399769
1.0001522303
0.7942426801
0.4773626029
-0.3231904209
-0.5557819009
-0.1907622516
-1.9679837227
0.2898163497
0.5043595433
-0.1790522337
-0.7643862367
0.1897215843
0.8990193605
-0.5196253061
0.6721262932
0.1487187296
-0.6945030093
0.0656282604
-0.4925968349
-0.1786375940
0.2874838114
0.0950044394
-0.1254572421
0.3840871155
-0.1976783574
-1.1919978857
-0.6022357345
0.2802265286
0.8063021302
0.3699027896
-0.7798558474
0.5030465722
-0.7054548860
-0.0385326892
0.0534408651
-0.3644593656
-0.4061286449
-0.0548598059
0.4946033061
-0.3168388009
-1.7780323029
0.4225572944
-1.4214917421
-0.1534672081
-0.9097757339
0.7573788762
-1.2777262926
-0.7756522894
-0.5609676838
0.1114141122
0.2424386144
0.3893225491
0.1186116710
0.7017925382
-0.1269399971
-0.1499707997
0.3103947639
-0.7412922382
0.1845285743
0.6243082881
0.5303229690
0.7634479403
-0.6448276639
-0.7512775064
-0.4963405430
0.1537604034
0.5333861113
0.8184248805
0.3247583807
0.3359535933
0.2891641557
0.2175212502
0.2731333375
0.5482391715
0.0159314089
-0.0758659840
0.0449210145
0.4847064018
-1.7812989950
0.4607513845
-1.0951372385
0.1333985478
-0.0778534338
0.8416076899
0.4879817367
0.0113663711
0.0618127696
-0.9029064775
-0.1672473699
-0.0689762384
-0.3657398820
0.4324650168
-0.1243652850
0.5588020086
0.4985770285
-0.2631803751
-0.6484974623
0.1843248755
0.2122405618
-0.2289680988
0.1025629640
0.2044350803
-0.2715581059
0.1956700981
0.8866661191
0.6430488229
-1.6478539705
-0.6106227636
0.1816073358
-0.0143307345
-0.9168279767
-0.4560428262
-0.1523365676
-0.1583845168
-0.1219960079
0.1946231872
0.4923942387
0.3176955879
0.0996680260
-0.6232943535
0.1246175990
-0.7323976159
-0.3302486241
0.5729154944
-0.6156885624
0.0146664092
-0.7739596963
-0.2163854837
0.5049219131
0.0634883419
1.2572854757
-0.8955444098
0.2429017574
-0.3797503710
-0.4914264381
-1.0538831949
-0.4169206023
-0.0022168288
0.4116742909
0.2219281048
0.2390538454
0.3809829652
-0.5521449447
0.0480577610
0.1351355016
-1.1028748751
0.3039907515
0.2571307421
-0.1929203719
0.6987524033
-1.6328501701
0.1046774089
-0.0874577165
0.6555225849
0.1801644564
0.3444842994
-0.2663222253
0.4339161813
-0.3246777356
-0.3239014447
-0.9654245973
-0.0798331723
0.0524864793
-0.0219935291
0.3656265736
-0.8747386336
-0.3252692223
-0.2813546956
0.2295421064
-0.0843163207
0.1625705361
-1.0252840519
0.3143758476
-2.5731799603
-2.2604379654
0.0834333599
-0.2064243257
-0.9747779369
-2.7961945534
0.7347822785
-0.2158987075
0.1557318419
0.2762466371
0.2163061351
1.9415831566
-0.2252925634
-0.4080712199
0.0683518127
0.8164077401
-0.8702490330
-0.4785098732
-0.5576381087
0.2933135033
-0.8432961702
-0.0457543768
-0.3415560424
0.2313898355
-0.8366079330
0.0417667553
0.3406279087
-0.6913797855
0.4157875776
0.7197468281
-0.1570205539
0.0243724659
-1.2277393341
-0.2098110020
0.3315797746
0.3586729169
0.8990164399
-0.7837575674
-0.3811537921
0.5732343793
0.5090656877
-0.4842005372
0.1096487269
0.8299189806
-0.7650176883
0.8882602453
-0.3244324327
-0.0786182061
-1.0123537779
-0.1386365294
-1.1444323063
-0.4172876775
0.4179639220
0.1085815802
-1.9198572636
-0.2017403245
0.2902078927
-0.1060233489
1.3754485846
0.2393924743
0.7474704981
-1.2190409899
0.3277711272
-0.8181290627
0.4028390348
0.0903724059
0.0318875611
-0.1191829294
-0.7242418528
-0.3630716503
0.5090750456
-1.5050157309
0.0739155114
1.2959516048
0.3092595041
0.5605865121
0.2878265977
0.0806321502
0.5953819156
1.0857225657
-1.1223636866
-1.0299954414
0.8443779349
0.8177473545
-0.4353590310
-0.8255890608
0.2680498362
0.6829398870
0.6482077241
-0.6054082513
-0.1695225239
-0.0549730770
-0.0145081356
0.7319836020
0.1464507729
-0.1044172049
0.1035862416
-0.0803163201
-1.1757745743
-1.5235277414
-0.8201556802
-0.3603951931
-0.0092133563
-0.3065789640
-0.0090365568
-0.0104169566
0.2846751809
0.3483216465
0.4459385574
-0.2929866314
-0.3522840440
0.0350745432
0.0739064738
0.6572419405
0.1838173568
0.1463782042
-0.3625330925
0.1944627166
0.0449765623
-0.0377044044
0.3377495706
0.1727882028
-0.7933130264
-0.0315818265
-0.2995014489
-0.3157712817
-0.0801275000
0.9338603616
0.2602095008
0.5593321323
-0.4849708676
0.0607263222
0.2275982201
0.1476431936
-0.4867350459
0.8837252855
-0.7718219757
-0.2333029360
0.0554957762
0.0655486882
-0.3239277303
0.4029461145
1.0201729536
1.0753334761
0.8305355310
-0.8046613932
-0.6409215331
0.0769504011
0.1304807663
0.3273150623
-0.8174080253
0.4659074545
0.0575980619
0.4327245951
-0.3340819776
-1.3589546680
-0.9486163855
0.1280550957
-0.1656683087
-0.2606534660
0.3241616189
0.0822203532
-0.2277620286
-1.8161412477
0.0865463987
0.2052423805
0.1848231703
0.1351689398
0.3578535616
0.2779763937
0.5581375360
0.2307364494
-0.0361644290
-0.5530467033
-0.4184558392
-0.5841607451
0.1458700895
-0.7082110643
-0.3732995987
-0.0626677200
0.0248596370
0.2498941869
0.5517588854
0.1880901009
0.7980761528
0.4389935136
-0.5503393412
0.5931087136
-0.0174252708
-0.2815329432
0.0112162111
0.0077197184
-1.2125022411
0.0027887335
-0.2858787775
0.0544635393
0.3313983381
-0.1005297303
-0.1268867701
-0.5098399520
-0.2138891667
-0.4845702946
-0.0289082807
-0.2274492979
0.0297943167
-0.4178225994
0.6396276355
-0.5632637739
0.1439587623
-0.2557919621
-0.1556763649
-0.3109665215
0.2646295726
-0.3695323765
-0.1916034520
0.1607826501
-1.4730763435
-0.4597275853
0.3711801767
0.3063462079
0.7942398190
0.9855711460
-0.2474013269
0.1287312359
0.1420543045
-1.5142004490
0.0316018052
-0.3614304662
0.3886092007
0.2952427864
-0.0939014852
-0.0365329608
0.3029661477
0.0394448042
0.3338734806
0.0463620350
0.1179721579
1.3678870201
0.8972405195
0.5151798725
0.3937287033
-0.0996922925
-0.6804423928
-0.9642422795
0.7980007529
0.0987882093
0.0309154522
-1.3822546005
0.4082964957
0.9085884094
-0.4246201515
-0.7417120934
-0.3374262452
0.4416348338
0.1139101461
0.0098891510
-0.5748285651
-0.0441585295
-0.6984486580
0.0271634292
0.5863372684
-0.0047211563
-0.6694059372
-1.5476913452
0.2344520092
-0.5545276999
-1.0930244923
0.5087929964
-0.0679787621
-0.5013731718
0.6196697950
0.1230230406
0.2215319872
-0.4520705938
0.2703386843
-0.0103884330
0.7729398012
0.2618156672
0.4486002028
0.0898029208
-0.6987890601
-0.3734939694
1.2268809080
-0.1522747576
-1.2507151365
-1.4092550278
-0.1476380378
-0.0027581502
-0.5012589693
-0.4939019978
-0.6252202392
-0.4187854230
0.0904965326
-0.2447108328
0.8656098843
-0.8936566710
0.3740920424
-0.4210831225
-0.7539610267
0.2495947927
0.0436105654
-0.1294645667
0.7004783750
-0.4930760264
0.5617811680
-0.1114147604
0.6144489050
-0.7837931514
-0.3956085443
0.2275475711
0.4386306405
-1.0881590843
0.5115695000
-0.2802588642
0.5313801765
0.3355259895
0.4736546874
-0.2867458761
0.0847750530
0.3536722362
-1.1263114214
0.3103991449
0.5573716164
-0.9869207740
0.3880051970
-0.4112899005
0.9114193320
-0.2307548523
0.0535603091
-0.0578536540
-0.1757296920
-0.7005097866
-0.1607980281
0.7391883731
-0.5188743472
-0.1231608316
-0.3785757720
0.1361161619
-0.2560404837
-0.1280305386
-0.5580695868
0.1725965291
-0.9804079533
-0.3225401640
0.2177801728
-0.0298421271
-0.0393556915
-0.2787636220
-0.1531575918
-0.3385371566
2.0630991459
-0.5679126382
0.4229269326
-0.0949196219
-1.2906490564
0.0757575482
0.0478652641
0.2181153446
0.2907745838
-0.3124960661
-0.2887352705
-0.5201741457
-0.4566756487
-0.2425516397
0.2293614447
-0.5460127592
-0.4452966154
-0.7980667353
-0.0553967692
-0.2544599771
-0.0969606191
0.3075608909
-0.5431783199
-1.2713236809
0.4396349490
-0.3032763898
0.8522573709
-2.4023005962
-0.1915498525
0.3070549965
0.5438656211
-0.3637889028
-0.0539066605
-0.0693132728
-0.8558176160
-1.4918990135
0.2862119079
0.2758325636
0.3281450570
0.5978462100
0.3761310875
-0.3902751803
-0.2052237540
-1.0292838812
0.5311200619
0.6273166537
0.5350604653
-0.0434240550
-0.3587349653
-0.5257883668
-0.5625451207
-1.0261468887
0.0332737006
0.0338824205
-0.3203167319
-0.3923240602
-1.8928890228
-0.4203741252
-0.5653917193
-0.5356330872
-0.4097089469
-0.3001053929
-0.2797204256
-0.3967619836
0.0430947505
-0.4818550050
-0.3002476990
-0.2398504615
-0.5385734439
-0.5980324149
-0.5139228702
-0.7916054726
-0.5458076596
-0.6463225484
-0.4017057121
-0.2123881131
-0.3307430744
-0.1994097382
-0.5443527699
-0.5418063402
0.1581936777
-0.6313236356
-0.0592912547
-0.8819764853
0.2760218978
-0.5581010580
-0.4619476199
0.1984142363
-1.3729234934
-0.2725696564
-0.2492599338
-0.4111138582
-0.3540239334
-0.3551399410
-0.4023721516
0.9059076309
-0.6246959567
0.5050817728
0.0542257912
0.6922190189
-0.4299400151
-0.5116835833
-1.5374153852
0.9596474767
-0.0367973410
0.2930167019
-0.5057603717
0.1072905064
-0.3745904267
-1.9334274530
0.1048742533
-0.2364302725
0.1397923529
0.5636204481
0.2470291406
0.3928644657
0.1198941544
-0.3446767926
-0.5000715256
0.1530508697
-1.2351932526
-0.5727695823
-0.4448470175
-0.7442967296
-0.3061986864
-0.3708679378
-0.1571861356
0.2578183413
0.0508257300
0.1761669815
0.1936459392
0.1691761166
0.6191350818
-0.0044962931
-1.0156282187
-0.4421271086
-0.5407958031
0.5551733971
-0.0189692993
-0.9407628179
0.0300143957
0.3765554726
-0.3528578281
0.4336093962
-0.2693303525
0.3943236470
-0.4489985406
-1.4884216785
-0.1738612503
-0.6160730124
0.1156590134
-0.0374258980
0.8665891290
0.4341124892
-0.3644826412
-0.0993795916
0.3890991509
-0.4890572429
0.2996533811
-0.1884482056
0.7673454881
-0.6550549269
-0.0631381571
0.0623571016
0.0011787465
-1.8633481264
-0.0873298943
0.0027283635
-1.2666301727
0.1891664565
0.6226621270
0.5041584373
-1.1023569107
-1.3222485781
0.5609582067
0.6015591025
0.2283421308
0.2573734522
-0.2197817862
0.5899596214
-0.7687244415
0.1946944892
0.6868565679
-0.2759000063
-0.1916354001
0.0112349782
-0.9020639062
-0.8976920843
0.0463417843
0.6148863435
-0.0448199809
-0.0682283044
-0.5839659572
-1.5219627619
-1.1215107441
-2.5308852196
0.2445529103
0.8486655354
0.6066073775
0.4519802332
-0.1116057783
0.4886052012
-0.5169281363
0.1866152436
-0.2183456421
-2.0626673698
0.7352293134
-0.8688440323
-0.3651400506
-0.4970041215
0.0323519036
-0.1682429612
-0.6778212786
-0.3156686425
0.4882725477
-0.2122914940
0.6014847159
0.1555856466
-0.0783830211
-0.0308071245
-0.1912009269
-0.6713489890
-0.5183343291
0.3907262087
-0.3035978377
0.3637012839
-0.4051244557
-0.2601927817
0.4395173788
-2.0536355972
0.5693631768
0.5550230145
0.2821409702
-0.6274853349
-0.2485654503
-0.2718761563
-1.1782116890
-0.5840871334
0.3666723073
-0.2401267290
0.1926039308
-0.1240899563
0.0200029034
0.9721195698
0.0809991732
-1.1394907236
-0.0628669858
0.2787877619
-0.6390002966
-0.3125690520
-0.7309166789
-0.4429616630
0.1355928630
-0.2129112184
0.3835217357
-0.4029995799
-0.3788643777
0.2609170079
-0.2065886706
0.3834338784
0.2899338901
-0.5952577591
0.0607490391
-0.4026281536
-0.7395512462
0.0363744237
-0.6707049012
-0.3899606466
-0.4370477200
-1.9533700943
-0.5345336795
-0.2056486011
0.2822032571
-0.1470590830
-0.6027538180
0.3555573225
0.2623830438
0.3455681801
-0.1766369641
-0.3760217726
-0.6463153958
0.4107055366
0.6205599904
0.2553314269
0.4167173505
0.5220938325
-0.7918257713
-0.0265366193
-0.2343267351
-0.3950373828
-0.3977632523
-0.3574061990
0.3335165381
0.4928709269
-0.3276590407
-0.2392413616
-0.5475046039
0.3768885136
-0.5100345612
-0.1100549400
0.2353462577
0.1451354921
-0.3602795005
-0.5528174639
-0.4806881845
-0.4636239409
-1.7090774775
0.1772222966
0.0677883849
0.8561598659
0.5428423285
0.0317527615
0.2028759271
-0.5788237453
0.5093876719
-0.4156938791
1.1783636808
-0.1894885451
-0.7491137385
0.9396383166
0.1338480711
0.9977833629
-0.0853644386
-0.5455276966
-0.1951788515
0.1310849041
-0.2305018008
0.1795836389
-0.5118008852
0.2155363709
-2.2246143818
0.3950104713
-0.1403283924
0.4421186447
0.0429150909
-0.5688675046
0.1984785199
-0.5759854317
0.2537884116
-2.6126661301
-0.0303141270
-1.0588165522
-0.4054941237
-0.1528205127
-0.2155351490
-0.4544467330
0.2974230647
-0.1922062784
0.0879354477
0.1918631345
0.1543558538
0.1175968423
0.0386599600
0.0713294223
0.1222847775
-1.5794467926
0.2105555534
0.3891578019
-0.5509231091
-0.5960314274
-0.4079523385
-0.0385725126
-0.5510521531
-0.1161753535
0.1525307447
-0.4902107418
-0.5977668166
0.7711580396
0.1231471524
-0.0452316254
-0.3100984991
-0.0363387801
-0.0509812497
0.0102982968
-0.5624890327
0.1870098412
-1.0052433014
0.4933203459
-0.0864097923
0.3439004719
-0.7988424301
-1.2304470539
0.0981106907
-0.2389596999
0.0401203707
0.5601701140
-0.0079851970
0.3961691856
-1.9945851564
0.3863649666
-0.4820520878
-0.6898798943
-0.3604747951
0.4894977510
-1.1387728453
-0.5761516690
-0.3926947415
-0.3123981059
0.1120980456
-0.8368154764
-0.1931143254
-1.4775702953
-0.1689776480
0.3088999093
0.0460545681
0.5848162770
-0.6838515997
-0.9947468042
0.7116455436
0.2638504803
-0.0905466005
-1.1742529869
-0.0026286123
-0.7312224507
-0.4464522898
0.2484678924
0.1950379014
0.0445043370
-0.1536829770
0.3940190971
0.5395115018
-0.3530148566
-0.2758923173
0.8365665078
0.1181123182
-0.3362062275
0.2373718619
0.0895331800
0.0242299289
-0.7192028165
-1.3243627548
-0.1954673827
0.4133288264
0.2177805305
-0.3385913372
-0.8791604638
-0.0612025075
0.2185974568
-0.3969237208
-0.3418846726
-0.9332218766
-0.5182216763
-1.4486236572
0.8247995377
-0.5221840143
-0.0396254212
0.0419978648
-0.3661716580
-0.1123306975
-0.4756571352
-1.8754185438
0.0069315489
-0.1944673508
0.0077494141
-0.2973922491
-0.1933739185
0.3226100206
0.1510336250
-0.1801229864
-0.6779732704
0.1308532208
-1.8602186441
-0.2798303366
-0.8226346374
-0.7164555788
-0.7615647316
0.1374065429
0.2896289825
-0.6213691235
-0.4610214233
0.3946517706
-0.0738808438
0.9715173244
1.7235405445
1.2050118446
-0.2747276425
0.5604662895
-0.3629490733
-0.9840508699
-0.6469932199
0.1269512177
1.1481728554
1.2416821718
-0.3781324029
-0.2367628664
0.3420712650
0.2375331819
0.0217823852
-0.9545284510
0.2663053572
0.0139063420
-0.9632996321
-0.1338616461
0.6144785285
-1.2437990904
0.1046596766
0.3134296536
-0.3707298934
-0.3652621806
-0.0028710570
-0.1250229180
-0.1870255321
0.1684123576
-0.9152445793
-1.7432516813
-1.2958526611
-0.1321022063
-0.0797964409
0.1768608093
-0.0325452723
-0.8557821512
-0.1162289903
0.0704910979
-0.9296534657
0.3104512691
-1.0292553902
0.1022208184
0.4375801384
0.0852940753
-0.8727366924
0.1212828234
0.0786805600
-0.2127055079
0.2336749732
-0.5544648170
-0.2006695569
-0.4176150262
-0.0722824484
0.2386274785
-0.0494610295
0.4122738540
1.3772643805
-0.0336500965
-0.0927099586
0.9530041218
1.3299137354
-0.5851650238
0.4826225936
-0.6779441833
0.3305811584
-0.3168134987
-0.4738529325
-0.4464995563
-1.3575630188
-0.3525744081
0.3458442092
-0.8930302858
-1.3065458536
-0.6381949782
1.0781928301
-0.5384309292
0.4313910604
0.4143930674
-0.3320020437
-0.1061822101
0.7452111840
-0.5631381273
0.5705011487
-0.5651054382
-0.5459659696
-0.0131682316
0.2997806668
-0.0937291235
0.1012952179
-0.9526367188
0.3499429524
-0.0340773724
-0.1545152664
-0.4917318523
0.3827181756
0.0150717469
-0.0209007598
0.0899193436
-0.5693261623
0.4597864747
-0.3958930373
-0.0569504462
-1.4441852570
-0.7468812466
0.0722429529
-0.2702395916
0.1669255644
-0.0978563800
0.0683877170
-0.0944150388
0.3215134442
0.5499637723
0.4981721938
0.0008111490
0.3235157728
-0.2561052442
0.0292647295
0.3113569915
-0.0371833704
0.4347018600
-0.1495655924
-0.2662638724
0.3610655963
-0.5003187656
-0.2070003897
-0.7336294055
-0.5302057862
0.5843772292
0.3672222197
-0.6173915863
-0.7803214192
-0.0417320020
-0.1749215871
-0.3467115462
-0.5085365176
0.1549007595
-0.6821029782
0.3523634672
-1.9179805517
-0.3590747416
-0.3820047677
-0.7161695957
0.0867067426
-0.4617145658
-0.0009525567
0.7253651619
0.4725663066
-0.4624029696
-0.3915499151
0.0626732260
-0.1119018868
0.3992752135
0.2609903514
-0.1473587900
-1.2251620293
0.5371428132
0.1810921878
-0.4709698856
0.8342421651
0.0129259648
-0.7004052401
-0.0719254687
0.4298016429
-0.4110724628
0.2790364027
-0.1846030653
-0.9105464220
0.0789270177
-1.6015920639
-0.3326951563
-0.3789564073
-0.9294487238
-0.6367745399
0.6530948877
-0.2206670493
-0.5497081876
-0.0826397240
0.7290794849
-0.4281155169
0.3629673719
-1.1729543209
-0.5307714939
-2.1676852703
-0.7102341056
-0.6166266799
-0.3359889984
0.2059886903
0.1608767658
-1.0885916948
1.1758652925
-0.6445971131
-0.7423952222
-0.2356831431
0.3720296323
-0.3876909018
-1.0364984274
-0.8982810378
0.3592406809
-0.6044753194
-0.5004943609
-0.6283411384
-0.9465395212
1.2944039106
-0.2079898715
0.8672638535
-0.3174774051
0.4180436432
-0.2593300641
-1.4033575058
-0.8364904523
-1.7223851681
-0.1510303169
0.6445856094
-0.6567578316
-0.5239367485
-0.3171236813
-0.6239486337
0.2352009565
-0.0428550690
0.2202460915
0.5976838470
-0.1133240834
-0.2731666863
0.1390269399
-0.5775682926
0.5121842027
0.5058282614
-0.8712780476
0.3410424590
-0.4629202187
-0.5155760646
-1.5489273071
0.6431969404
-0.9891228676
0.3198564351
0.2637031376
-0.2834471762
0.5208145976
-0.2370487005
-0.9045125246
0.0142919505
0.5687065721
-0.2538443208
-1.4407556057
-1.4269239902
0.1899381578
-1.0133779049
0.5056018233
-2.7036390305
0.0855530798
0.0476653278
-1.4499478340
0.1808486283
-1.2926545143
-1.2646255493
-0.0431089699
0.4338614643
-1.0155189037
-0.2215380669
-0.2765947878
0.3327728808
-0.0114567271
-0.0320854485
0.4022854865
-0.4469311535
-0.7056905031
0.0145382984
-0.3143996298
0.0184401330
-0.3682352006
0.2963948250
0.0120461471
1.1214810610
-0.3289163709
0.6734064221
0.7836353779
0.4539568722
0.2571348548
-0.3321764171
-0.0589270554
-0.2056773752
-0.0392136760
-1.1888173819
-0.1553376913
0.0271073207
0.4266066551
0.5383186936
0.8052027225
-0.2642401159
0.4674664438
-0.4405221641
0.2171117067
0.5621215701
0.0276179388
0.3663381636
0.3682352304
0.2257602513
0.0826543495
-0.2640965283
-0.7857133150
-0.6002386212
0.1867884547
0.1846210659
-0.0984975472
-0.6300509572
-0.6754082441
-0.2431628555
-0.3916811049
-0.2391858250
-0.3965605497
-0.4123433530
0.1626447588
-0.2884086370
0.0640757009
0.7633352280
-0.5692797303
0.3923238814
0.4475093484
0.4687287807
0.9043367505
0.8383160233
0.1961726248
0.1324395090
0.1372836679
0.2654430270
-0.1999599338
0.8876676559
-1.0162233114
-0.0771587640
0.1721152216
0.1720392704
-0.0688959584
-0.4560734928
0.1500058025
0.1863628924
-0.1167500392
-0.1981374919
-1.7238789797
-0.2170554698
0.5205443501
-0.7529872656
0.2018506676
-0.2378353477
-0.8468963504
-0.0354234874
0.0755970553
-0.5844535828
0.0718595311
0.6523241401
-1.0028046370
-0.3864516616
0.1514425725
0.1515913457
0.0479990020
0.2813146412
0.1878013909
-0.3119570017
-0.2836612761
-0.7866987586
0.4697415829
0.1932691634
0.2304086238
0.4164379537
0.4231411815
-0.0916062593
-0.5200045705
-0.1991722137
0.0912973508
0.4887476265
-0.8714618087
-0.3224055469
0.3811561763
0.2502943277
0.1786096990
0.2137338668
-0.0609877259
-1.1609503031
-0.2012916058
-0.1212363094
0.2428987473
-0.6862279177
0.2040284574
0.6122648716
-0.1915572584
-0.2113883048
0.4516875148
0.2458561957
0.0976801291
0.1593865305
-0.5296120048
0.6894603968
-0.0366521813
-1.8804856539
-1.0084525347
-1.0604326725
0.2613430917
-0.3724371493
-2.1901953220
-0.6875122190
-0.4276394248
-0.0913470685
-0.8161836267
-0.3458360732
0.0011761221
0.0408539772
0.1707101464
0.6219456792
0.4597105980
-0.9376848340
0.0065951878
0.2219149619
-0.0308481026
0.0839289501
-1.2451028824
0.0132056847
0.6183460951
-0.1774967164
0.3352732956
-1.1930379868
-0.3357621431
-0.2200546712
0.0880623162
-0.1207235232
-0.2246833444
-1.3244307041
-0.4036417305
-0.6056830287
-0.7496814728
0.1696448624
-2.2276325226
0.0131584238
-0.1692848504
-0.3721815050
0.0129729360
-0.3799623251
0.8307340145
-0.5265981555
0.5736110210
0.0658290088
-1.2768808603
-0.0036162981
0.3089619875
-0.0198427849
-0.1571718156
-2.0012600422
-0.1110196859
-0.1355406493
0.6207714081
-0.7550709248
-0.2381845862
0.3490964174
-0.4142908752
0.0328172520
-1.2122484446
0.8151750565
-0.6643915772
0.1656320095
0.6575157642
-0.0068930923
0.0761300400
-0.5097412467
0.4883273840
-0.1147363558
0.2268075645
-0.6438417435
0.4264262021
-0.2147415727
0.1464570761
0.9228833318
0.0966100320
0.2426152527
0.0381025448
0.6546536684
0.0898460373
-0.6313754320
0.3307373822
-0.8325625062
-0.1013488770
-0.2443049103
-0.2305866182
0.2490803748
0.1957717240
0.5800700188
-0.2363643050
-0.2860172391
-0.3925743103
-0.5653719902
0.7265815139
-1.2737754583
0.4687978029
-0.4810284674
0.0873484313
-0.8227735162
0.0019840815
0.5532749891
0.2842632830
0.5206611156
-0.6282977462
0.3103245795
0.6103208661
0.1872846037
0.1595743001
-0.4147608876
0.1531116664
0.3998068571
0.0881874785
-0.6089698672
0.4306848347
0.0086193345
-0.7286434174
0.1451463103
-0.1199546754
-0.5310958028
0.7331281900
-0.6449323297
-0.3591289818
-2.3583202362
0.0433607101
0.1682050526
0.4532305300
0.1719721556
-0.2152520418
0.3798055649
-0.2298597097
-0.1980703175
0.1624135226
0.2503880560
0.1248556450
-0.0463276431
0.5009652972
-0.5821442008
0.3903506100
-0.8624821901
0.4071470797
-0.4637662470
-0.3740542531
-1.9143769741
0.2621935308
-0.4972805381
0.1448058486
-0.4886823893
-0.1042843238
0.1074820980
0.1718560755
0.0952664837
-0.5057304502
-0.9145228863
-0.5570261478
0.5370124578
-0.0327848941
-0.5543380380
0.5711475015
0.8026204109
-0.0141749326
-0.5098116994
-0.5787750483
-1.3473566771
-0.5631542802
0.4424108863
-0.8899483681
0.5052002668
0.1541004032
0.4409760237
0.0006541844
0.8005832434
0.4204326868
0.4061044455
-0.4270960391
-0.7555073500
-4.2686362267
0.1095196232
-0.4895361066
0.4056708813
-1.0941483974
0.8356538415
-0.2578696609
-0.3478992283
1.0661311150
-0.5422011018
0.6545910835
-0.0884054974
1.7098245621
-1.8120547533
-0.7149804235
-0.4623850584
0.0325771645
0.5251704454
0.1852620095
-0.2526076734
-0.0350208767
0.9950246215
1.2867785692
0.0041077523
0.8854423761
0.5728189945
-0.4650407135
-1.1629531384
0.1038759500
0.3860754669
-0.2975948751
0.1316746920
-0.1281435341
0.2546561062
0.0572170094
0.6330245137
0.6065202355
-1.0596289635
-0.5557908416
0.1724662483
-0.8804049492
0.4036850631
0.7637784481
-0.5031619072
-0.6609972119
0.2596597373
-0.1671884358
0.4262001216
0.3821464181
0.0912416577
0.2468456626
0.3946583271
0.5599200130
0.2941508293
-2.0586340427
0.4128857553
0.0772393793
-0.8590467572
0.1537792683
-0.2014049888
-0.1565664560
-0.2156206220
-0.3560553491
-0.2025434971
0.2656655908
-0.3569050431
-0.7255429029
-0.5629818439
-0.4591146708
-0.3896522820
-1.0610783100
-0.2213768959
-0.6256102324
0.0469706729
-0.3846875429
-0.4770731628
-1.0245227814
0.1970987469
-0.0985486284
-0.2704692781
-0.9985462427
-0.3125894666
-0.2840619385
-0.0084225116
-0.1508347392
0.0890794992
-0.0988740772
-0.4591588378
-0.5792537928
-0.9911119938
-0.1352791935
0.2701651454
0.2476938516
-0.5403619409
-0.9677618742
-0.5754438639
0.0273994021
-1.3129719496
0.4437385201
0.4888678789
0.3229344785
-1.2979971170
0.1721514016
-0.4915774763
0.4552426636
0.5406235456
0.3328243494
0.7391922474
-1.0081989765
0.1073882058
0.1341266632
-0.1722914279
-2.1004228592
0.2731516957
-0.1569169462
-0.0962991565
0.5423136353
0.2697091699
0.1914842576
0.7715396881
0.0529350452
-1.0523869991
0.2972004712
-0.5335476995
0.1576672047
-0.0633862242
-0.7639011741
0.1525440514
0.1524629444
-0.0011016169
0.1649132520
-0.5486207008
0.2512960732
0.1748965532
-0.9009436965
-0.8046834469
0.3630389869
-0.1308129728
0.0991891846
-0.6434565187
-0.9354223609
0.0194164868
-0.3716454506
-0.7206183076
-0.2098550200
-0.4441495836
-0.4998419881
-0.0805499554
0.0666494220
0.2651615143
-0.2849279344
0.2538273335
-0.0363310166
-0.2050518245
0.0466143973
-0.1475131959
-0.0089935744
0.1916445643
-0.6217871308
-0.3377579451
-0.2134635448
0.1420574635
0.3243636191
0.2373019010
0.6290820241
-1.1684844494
0.9241213202
-0.5160634518
0.0577878989
0.3650905788
1.0866645575
-0.1260068119
-0.9885060191
0.2487518638
0.4414184093
0.3123196661
-1.1615607738
-0.0229572244
0.0883832052
0.2263387591
0.3944790065
-0.7682179809
0.5770658255
-1.0629518032
-0.4327523112
-1.9696835279
0.1404665709
0.6917575598
0.0948433578
0.4404902756
-0.4196223319
0.8954056501
-0.8391296864
-0.4930514991
-0.5237282515
-0.1492206603
-0.4873201549
-1.3303304911
0.3809393942
-3.3620493412
-0.3751120269
0.1919777244
0.2278317809
-0.1041590124
1.0698648691
0.0077970955
-0.3867278099
0.8516872525
0.3343240917
-1.3542971611
0.2382665724
0.2177993059
-0.7295292616
-0.2808932364
-3.6566691399
-1.6222633123
-0.0459489822
-0.6297904849
-0.3846692145
-0.9547716975
-0.0555507578
-0.1071197689
-1.1252264977
-0.3840157986
-0.0217733160
-0.2247220874
-0.6309921741
-0.7407130599
-0.4044100046
-1.4963303804
0.5469501615
0.2232472301
-0.1246369556
0.0557914749
-0.1065687314
-0.0869116411
-0.1418880820
-0.0284328032
-0.0599180534
-0.0354770124
-2.0664656162
-1.7811971903
-1.5722281933
-0.1066292152
0.5399728417
-0.2120673954
-0.2394980490
-0.4087505937
-0.4494856298
-0.1871722788
-0.3990310729
-1.1965214014
0.2927729785
-0.1256261468
-0.5366113782
0.3991422653
0.2794971764
-0.4832082689
-0.7744194269
0.2249442190
-0.5496159792
0.3704472184
-1.0087767839
-0.5168414712
0.3296608925
0.1443349272
-0.5333260298
-1.1388115883
-0.3475392759
-0.2253416181
-0.4139932692
0.8980101347
-0.2608301044
-0.2731277645
-0.6715822816
0.0838168859
0.6381441355
0.0087257857
-0.1322169453
0.5897645950
-0.5922005177
-0.5553754568
0.0335436091
0.4655531049
0.2104071081
-0.0183824152
0.0246956032
-0.0785164163
0.1610431671
0.4728088677
-0.4942126572
-0.2248838544
-0.4079786539
-0.3363229632
-1.0318230391
0.1824463010
-0.9665180445
0.1844226271
0.6546427608
-0.7568603158
0.3434753120
0.0382793583
-0.4036755860
0.6086487174
-1.5829042196
-0.2905239165
0.2197778523
-0.0088708550
-0.2410962135
0.2878814638
-0.2929378748
-0.1454161853
0.1927202195
-0.2702252567
-0.0231694207
-0.0062390347
-0.8013706207
0.1714068800
-0.1951512992
-0.9534884691
0.3587966859
-0.8303456903
-0.8381713629
0.3999962807
-0.3873309195
-0.4522182047
-3.8261713982
0.9284921288
-0.3755849898
0.1916487068
0.2517463565
-2.4085931778
-2.0846009254
-0.3973653316
0.0296328124
-0.4501962066
0.1514755934
0.1673441380
0.2288365662
0.0192978028
1.0981575251
-1.5842815638
-0.1335926652
0.0338085219
-1.9451454878
-0.0917655081
0.2911664546
-0.0481707789
-0.0245554857
-0.0722357854
0.2029665262
-0.2016893923
-0.0927658156
-0.1763280183
-0.4470790029
-1.1412805319
-0.8342303038
-0.2217733413
-0.2583630383
-1.5988222361
0.1005791277
-0.0633584186
-0.1480977535
0.3973315954
0.0694925785
0.0750503764
-0.6906802654
-0.5051112771
0.1426375061
-0.5854413509
0.0499575399
-0.1245232373
-0.4985592961
0.1871387511
-0.7718050480
0.5581483841
-0.0955229923
0.6636781693
0.1357876211
-0.2216502577
0.2049316764
-0.1435165703
-0.2567496896
0.5395282507
0.1756181866
-0.3000106514
-1.0673314333
-1.0276591778
0.5442928672
0.1232277602
-0.9332916737
0.3988661170
0.4328417778
-0.0416968875
-1.3167448044
-0.4657783806
-0.6760902405
-0.0454051793
-0.5423403978
-1.0491616726
-0.1033363044
-0.8944733143
-0.9411994219
-0.1521278769
-0.1978492588
-0.2084755749
-0.6955458522
0.4035590291
-0.7858451009
-1.1135194302
-0.4585989714
0.5639626980
-0.2366510332
0.3402663171
-0.1967735887
-0.9645007253
-0.2335395664
1.1492390633
-0.2947777510
0.5343688130
0.0917425901
-0.5810552239
1.2913839817
-0.2220326960
-0.6684265733
0.2920857966
-0.2729810178
0.5279684067
0.0694911182
-0.1181222871
-0.0960444734
-0.9933604002
-0.5071828961
0.8649542928
-0.6783757210
0.5387007594
-0.8147906065
-0.3084619641
0.0510598347
0.4381296337
-0.2155692726
0.2091645300
-0.2700322866
-0.2921949029
0.2001226842
-0.1227132380
-0.4693630338
0.1128306910
0.1194651499
-0.0486373641
0.2261510342
-0.6358478069
-0.6325179338
0.1015847847
-0.3518205583
0.4721623957
-0.5290756822
-0.1599065065
-0.5189915299
-0.2448538393
-1.2280435562
0.0655212104
-0.3048202693
-0.1752769202
0.9477243423
-0.9198048711
0.2427046746
-0.1755345464
-0.1203674525
0.2559813857
-0.2295129448
-0.3269229531
-0.0603056811
-0.0945804268
-0.1490671635
-0.8717649579
0.0678360388
0.3390625119
-0.2423673868
0.2260244191
0.2940423787
-0.8483314514
-0.0195024274
0.2627819479
0.1808144897
1.0427197218
-0.1770156324
-0.1933703572
-0.0970991105
-0.1256876439
0.2853315771
0.6549947262
0.0264496058
-0.4024786949
-0.8111249804
-0.8598195910
-1.1911953688
0.6637631655
-0.7332853079
0.1662925035
-0.0588924401
0.3274164796
-0.4425715804
-0.1595248282
-0.4394145608
-0.3557421565
0.7710326314
-0.1691101044
-0.0605323873
-0.2980744243
-0.7645205259
-0.7039569616
0.1223621815
0.3841972053
-0.5506659746
-0.4052922428
0.1824931502
-1.9960545301
-0.3145747483
0.2846409380
0.0871880054
0.3577126563
-0.4685402215
-1.8781422377
0.6007537246
-0.1146923453
-0.3188748360
0.4254510999
0.1013098955
0.8038035035
-0.0630113408
0.1050430164
-0.3883312047
0.0363046192
0.3176796734
0.9610502720
-0.0871367231
0.3192045987
-0.7666093111
-0.2930383086
0.2490634471
-0.0278746355
-0.9143421650
-0.0266674068
0.0514264069
0.0797350779
0.0411109217
-0.3945854604
-0.5645242929
-0.8017553091
-0.5271651149
-0.6949560642
-0.4753833413
0.0900258347
0.1831978410
-0.7561375499
-0.4459311664
0.0303376038
0.1364114434
-0.8556991816
-0.7668777108
0.2927782238
-0.0921086222
0.3059705794
-0.3018808067
0.0870311484
0.1592630893
0.1150294244
-0.1214038953
-0.2006637156
-0.5675925612
-1.8426748514
-0.0227911994
-0.1847761273
-0.4428006113
-0.4336121082
-0.1660352349
0.0199298114
-1.0353683233
-0.6786472797
0.3699760139
0.6234115958
-0.0718320310
-1.1984513998
-0.2678757310
0.0633851737
-0.2520249784
0.1181996390
-0.8705170751
0.0340640917
-1.2115528584
-0.6273593307
0.1224158108
0.5561399460
-1.6782219410
-0.1826321632
-1.1996040344
-0.2661688626
0.3003238142
-0.5214262605
-1.0938870907
0.4683734775
-0.1845063865
0.2164364457
-0.2897568345
-0.0442602597
-0.4819861948
-0.2654333711
-0.1203870699
0.0489100739
-0.0460881554
0.3515633941
-0.2152688801
-0.8935422897
0.5797006488
-0.9523704648
0.4253095090
0.1131924465
0.3342470527
-0.3370164335
0.7623652816
-1.0539577007
-0.6989243031
-0.8128415942
-0.3207882047
-0.3782610893
-0.3942175508
0.2260974646
0.0327480137
0.1373258978
-0.8792530894
-0.8600822687
0.1415224969
-0.4248426259
-0.0025673348
-0.1541841328
-0.2230086923
-0.1405584663
-0.4893513620
-0.0407371819
-0.0387337394
0.1080871597
0.1356170923
1.0115432739
-0.9054521322
-0.6750092506
-0.1352062076
-0.5012844205
-0.1391018182
0.1628627479
0.6535914540
-0.3843789399
0.7744019032
-0.1063820124
-1.4380538464
0.3311681151
-0.9423192143
-1.1335868835
0.1080862731
-0.1004140303
0.1510828435
-0.1695177406
-0.0542098098
0.1767274141
-0.2036699206
-1.1408507824
-0.2491999120
0.3992053866
0.0999466926
0.6227454543
-0.3436875343
-0.0676496625
0.2617961168
-2.0878000259
-0.0437055416
-0.1034128964
-1.0895311832
0.6345297694
-0.7914064527
0.1756936461
-0.4262072742
0.0738576129
-1.0887844563
-1.2309678793
-0.1310053170
-0.0223516636
0.3749848604
-0.0858696103
-0.2764900327
-0.1032285243
0.1867276430
-0.2712975144
-0.4683233202
0.5018152595
0.1548956037
0.6714841723
0.3423818350
-0.1166783348
-0.1226202101
-0.0168688875
0.1084292978
-0.2140767872
-0.1820921898
0.4394533932
0.1963875145
-2.0719339848
-0.1504352093
0.7307839990
-0.1907414347
0.0671763718
-0.8342573047
-0.3785061538
0.0091194334
-0.1464591622
-0.8749830127
0.2342043668
0.1177356616
-0.0672033429
0.3147377372
-1.5185253620
-0.0298489649
-0.5039027333
-0.0128276953
-0.1481028050
-0.1842003316
0.1937278807
-0.2221361101
0.7416132092
-0.2269343883
-0.0626013726
-0.6829530597
0.5264557004
-0.1767758578
0.2292021662
-0.4067975581
-0.5696262121
-0.2532360852
-0.9928369522
0.4046613276
0.0629874691
1.0292348862
-0.1258429736
0.3847368658
-0.7980599999
0.1157134771
0.1094530672
-0.0212003067
0.3252272010
0.2456708550
0.0222847220
-0.4757141471
-0.0604735985
-1.3531897068
0.0800353661
-0.5588371158
0.2897827327
0.0439504348
-0.1251072884
0.1140230224
-0.6300849319
-0.5083601475
-0.3388267756
-0.2521460652
-0.0057354127
-0.1342813373
-0.0347905159
0.0404186510
0.3061488569
0.1596256346
-1.0786975622
0.0117093017
-0.2330194712
0.2495584488
-0.0672463700
0.1574682742
1.2687860727
-0.2661616802
-0.2218112648
0.5066701174
-1.2358701229
0.9033264518
-0.1070649847
-0.2131903619
0.2664927542
0.7805609107
0.0819097236
0.4331302345
0.2614923418
-0.2056291699
-0.3302496374
0.7292824984
-0.6434127092
-0.6056522727
-1.6941260099
-0.3152349591
-0.1138693914
-0.1874679774
0.0399846844
0.0133333374
-1.3286160231
-0.1109890938
-0.6599652171
0.6942105889
0.2814726830
-1.4387520552
-2.6551585197
0.5715778470
-1.9262907505
-1.3167306185
0.3206229210
-1.5834358931
-0.1398339570
0.4462434649
0.0633144751
0.0281599369
-1.3787124157
-1.9792563915
-0.6348483562
-0.3132624924
-0.5618616343
-1.6409778595
0.0699934289
-0.4827963412
-0.0942093581
0.2396974117
-3.9407300949
-0.5675541759
1.1167792082
0.1414551139
0.1205012500
-0.5198776722
-0.1645856351
-0.1880667210
-1.0725535154
0.4025849104
0.2934664786
0.1828796566
0.0451653674
0.5593443513
0.3789629340
-0.3469990194
0.0890109017
-1.1499931812
-1.3502337933
-0.8818472028
0.6367763877
-0.5105760098
-0.2520753145
0.3396027982
-2.1626176834
0.4192753136
0.2704229057
-0.3555214405
0.2000024468
0.7693305016
-1.3208855391
0.0470235348
-0.6677848697
0.1851364523
-0.1259039342
-0.2127747089
-0.8532978296
-0.6778664589
-0.0520119630
0.0433875024
-0.6731078625
-0.9827082753
-0.3228995204
-0.0438401997
0.0868920535
-0.5406795144
-0.1972706020
-0.6982772946
-0.3013467491
-0.8786160350
-0.6073883772
-0.0662108064
0.0426829830
-1.1575303078
-0.0604063123
-0.3885989785
-0.9491316080
-0.1382682920
-0.4593750536
0.0683155134
0.0698187873
-0.2874421179
0.2898162901
-0.0771793723
0.2487761527
-1.1154754162
0.5317958593
-0.0994742587
-0.2696957588
-0.2412980348
-1.7745648623
-0.1037278473
-1.6361274719
-0.7739842534
0.0278182253
0.0042138626
0.3493058383
0.5011616349
-2.6173179150
0.1332005858
0.1276260763
0.2488554120
-0.0351135917
0.5959675908
-0.0454281047
-0.5574368238
0.0050791269
0.4874724448
0.3895962834
0.8847155571
-0.1218972653
0.1085639372
-0.1365322769
-0.4248680472
-1.4269971848
-0.8228304982
0.3300868273
0.6167647243
-0.1499617994
-0.0398606323
0.2104541808
0.7313711047
0.6658771038
-0.1451373100
0.3540304899
-0.2361522764
-0.0073598763
-0.6296669841
-1.2770442963
0.2869728208
0.1468190104
-1.5593483448
0.1215331405
-0.8841850162
-1.0651426315
-0.3700188696
0.3476329446
-0.2810382247
-0.4009481370
-0.6405259371
-0.4681568742
-0.3443729877
0.1611042619
-0.7398493886
0.4609635174
0.1418170035
-0.1174312606
-0.5268830061
-0.7904295325
0.0963321254
0.8855439425
0.0088364398
0.0204233676
-1.6473473310
-0.9948122501
-0.1909593344
-1.2009638548
-0.8664188385
0.2460912764
0.6036284566
0.5142424107
0.1381658167
1.2709648609
-1.6797461510
-0.1615620553
0.5533575416
0.1523400694
-0.0769325942
0.0850495026
-0.3061518967
-0.2862838507
-0.1013399288
-0.9816970229
-0.6080139279
-0.0351274684
0.5498411655
-0.2902899981
-1.0796418190
0.3941983581
-1.2476103306
0.5515586734
-0.7234344482
-0.8838520646
0.0433752052
0.2948874831
-0.0951484293
-0.2998988330
0.0132440012
-0.2558179498
0.4043932855
0.2275784463
0.3628551364
0.0703863129
-0.6714041233
-0.0460002385
-0.3295603096
-0.1640348881
0.3267003298
-1.7979868650
0.3865715861
-0.0276246183
0.1435252577
0.1743233353
-0.6688576341
-0.7719244957
-1.1455665827
0.3455826342
-0.1363279372
0.1020726338
-0.5280365944
0.2251204550
-0.2343785018
-0.1173777208
0.7667482495
-0.4530827105
0.1514363140
-0.2422530949
0.3122182190
-0.2643351257
0.0698135272
-0.1339976788
0.0043447865
0.0096574826
-1.3387780190
-0.3380341530
-0.2470693588
-0.1008357704
0.2465234548
-0.0183936432
-0.2295801193
-0.1185626537
-0.4881158173
0.0048732730
-1.1953523159
-0.4039274454
-0.9098590612
0.1671601832
0.3404793143
-0.1808018386
-1.1514751911
-0.0204255674
-1.2388149500
-0.3067080379
-0.9087865353
-0.1637034416
-0.8361974955
-0.4586234689
1.8230185509
0.7046759129
1.3367456198
1.8806806803
-3.7544968128
-0.6755551100
1.0651013851
-0.5549539328
0.1039781943
1.1762231588
-0.3098313808
-0.3947051764
1.5248211622
-1.4206241369
0.4768897891
-0.3521069288
-0.9280545115
-3.7680411339
1.1209203005
0.8624687791
0.8682395816
0.8555887938
1.7637561560
-1.9085015059
-1.3403462172
1.8787555695
0.6693053842
-1.0645508766
1.5124535561
1.0805912018
-0.1759078950
0.1211967990
0.4502245486
0.0438346006
0.1347315311
0.0643342808
-0.6654604077
0.0664205477
0.4101426899
-0.0973990187
0.0650148541
0.1507497579
0.1161775216
-0.0843026564
0.1222873256
0.0738897696
0.0933007523
0.0215937532
0.0551204048
-0.5064727068
0.0676066205
0.0925904512
0.2449145913
-0.1095096618
0.0845008790
0.0316586345
-0.0060457508
0.1595591903
-0.0593325049
-0.0378984101
0.5920891166
0.1403857172
0.1018376052
1.7938446999
